State1: State2: Win Prob(State1): Conditional Prob(State1): Win Prob(State2): Outcome1: Outcome2: Brier Score(State1): Brier Score(State2): Brier Score(Conditional): Brier Score(Average)
CO AZ 0.04374 0.0003977329 0.10082 1 0 0.9144332 0.01016467 1.607965e-09 0.3081993 
FL AZ 0.28008 0.01829571 0.10082 0 0 0.07844481 0.01016467 3.402453e-06 0.02953763 
GA AZ 0.94283 0.735607 0.10082 0 0 0.8889284 0.01016467 0.005500284 0.3015311 
IA AZ 0.95783 0.7888038 0.10082 0 0 0.9174383 0.01016467 0.006324576 0.3113092 
ME AZ 0.00452 0 0.10082 1 0 0.9909804 0.01016467 0 0.333715 
MI AZ 0.07906 0.001093766 0.10082 0 0 0.006250484 0.01016467 1.216023e-08 0.005471723 
MN AZ 0.00512 0 0.10082 1 0 0.9897862 0.01016467 0 0.333317 
MO AZ 0.99974 0.9980113 0.10082 0 0 0.9994801 0.01016467 0.01012428 0.339923 
MS AZ 0.99973 0.9985085 0.10082 0 0 0.9994601 0.01016467 0.01013437 0.3399197 
NC AZ 0.33296 0.0296311 0.10082 0 0 0.1108624 0.01016467 8.924605e-06 0.04034532 
NH AZ 0.04435 0.0002982997 0.10082 1 0 0.9132669 0.01016467 9.044801e-10 0.3078105 
NM AZ 0.00974 0 0.10082 1 0 0.9806149 0.01016467 0 0.3302598 
NV AZ 0.34843 0.03460276 0.10082 1 0 0.4245435 0.01016467 1.217068e-05 0.1449068 
OH AZ 0.7176 0.2622054 0.10082 0 0 0.5149498 0.01016467 0.0006988384 0.1752711 
PA AZ 0.05626 0.0006960326 0.10082 0 0 0.003165188 0.01016467 4.924391e-09 0.004443288 
SC AZ 0.98807 0.9253256 0.10082 0 0 0.9762823 0.01016467 0.008703273 0.3317168 
TX AZ 0.99965 0.9968181 0.10082 0 0 0.9993001 0.01016467 0.01010009 0.339855 
VA AZ 0.00963 0 0.10082 1 0 0.9808327 0.01016467 0 0.3303325 
WI AZ 0.02844 0 0.10082 0 0 0.0008088336 0.01016467 0 0.003657835 
AZ CO 0.89951 0.8962268 0.9557 0 1 0.01009824 0.00196249 0.02058537 0.01088203 
FL CO 0.28145 0.2536538 0.9557 0 1 0.5163141 0.00196249 0.573932 0.3640695 
GA CO 0.94164 0.9412664 0.9557 0 1 0.00340589 0.00196249 0.01008653 0.005151636 
IA CO 0.95656 0.955976 0.9557 0 1 0.001887034 0.00196249 0.007460429 0.003769984 
ME CO 0.00402 0.002627832 0.9557 1 1 0.9919762 0.00196249 6.307226e-06 0.331315 
MI CO 0.07873 0.06253403 0.9557 0 1 0.8487384 0.00196249 0.8840442 0.5782484 
MN CO 0.00555 0.00285816 0.9557 1 1 0.9889308 0.00196249 7.461329e-06 0.3303003 
MO CO 0.99971 0.9997487 0.9557 0 1 8.41e-08 0.00196249 0.001983824 0.001315466 
MS CO 0.99981 0.9998744 0.9557 0 1 3.61e-08 0.00196249 0.001973142 0.00131189 
NC CO 0.3339 0.3076762 0.9557 0 1 0.4436892 0.00196249 0.4983708 0.3146742 
NH CO 0.04446 0.03139788 0.9557 1 1 0.9130567 0.00196249 0.0009004173 0.3053065 
NM CO 0.01008 0.006260731 0.9557 1 1 0.9799416 0.00196249 3.580085e-05 0.3273133 
NV CO 0.35029 0.3241551 0.9557 1 1 0.4221231 0.00196249 0.09597297 0.1733528 
OH CO 0.71759 0.7039658 0.9557 0 1 0.07975541 0.00196249 0.1070728 0.06293024 
PA CO 0.05719 0.04162653 0.9557 0 1 0.8888907 0.00196249 0.9220177 0.6042903 
SC CO 0.98793 0.9871959 0.9557 0 1 0.0001456849 0.00196249 0.003196423 0.001768199 
TX CO 0.99964 0.999665 0.9557 0 1 1.296e-07 0.00196249 0.001990961 0.00131786 
VA CO 0.00979 0.005014867 0.9557 1 1 0.9805158 0.00196249 2.297005e-05 0.3275004 
WI CO 0.02917 0.02006994 0.9557 0 1 0.9425109 0.00196249 0.9620062 0.6354932 
AZ FL 0.89876 0.8625139 0.71869 0 0 0.8077695 0.5165153 0.3842514 0.5695121 
CO FL 0.04405 0.01049555 0.71869 1 0 0.9138404 0.5165153 5.689751e-05 0.4768042 
GA FL 0.94259 0.9199749 0.71869 0 0 0.8884759 0.5165153 0.4371548 0.6140487 
IA FL 0.95728 0.9392121 0.71869 0 0 0.916385 0.5165153 0.4556282 0.6295095 
ME FL 0.00409 0.0005567929 0.71869 1 0 0.9918367 0.5165153 1.601292e-07 0.5027841 
MI FL 0.07908 0.02646158 0.71869 0 0 0.006253646 0.5165153 0.0003616719 0.1743769 
MN FL 0.00549 0.0005289532 0.71869 1 0 0.9890501 0.5165153 1.445166e-07 0.5018552 
MO FL 0.99974 0.9995267 0.71869 0 0 0.9994801 0.5165153 0.5160265 0.6773406 
MS FL 0.99983 0.9997355 0.71869 0 0 0.99966 0.5165153 0.5162421 0.6774725 
NC FL 0.33084 0.2011136 0.71869 0 0 0.1094551 0.5165153 0.02089133 0.2156206 
NH FL 0.04505 0.01128898 0.71869 1 0 0.9119295 0.5165153 6.582521e-05 0.4761702 
NM FL 0.01022 0.001308463 0.71869 1 0 0.9796644 0.5165153 8.843135e-07 0.4987269 
NV FL 0.34912 0.2267121 0.71869 1 0 0.4236448 0.5165153 0.02654806 0.322236 
OH FL 0.71639 0.6270184 0.71869 0 0 0.5132146 0.5165153 0.2030691 0.410933 
PA FL 0.0592 0.01518653 0.71869 0 0 0.00350464 0.5165153 0.0001191242 0.1733797 
SC FL 0.98802 0.9831431 0.71869 0 0 0.9761835 0.5165153 0.4992484 0.6639824 
TX FL 0.99964 0.9994293 0.71869 0 0 0.9992801 0.5165153 0.5159259 0.6772405 
VA FL 0.00968 0.0009604677 0.71869 1 0 0.9807337 0.5165153 4.764845e-07 0.4990832 
WI FL 0.02942 0.005734967 0.71869 0 0 0.0008655364 0.5165153 1.698811e-05 0.1724659 
AZ GA 0.89765 0.5357204 0.05787 0 0 0.8057755 0.003348937 0.0009611328 0.2700285 
CO GA 0.0443 0.0001721467 0.05787 1 0 0.9133625 0.003348937 9.924399e-11 0.3055705 
FL GA 0.27669 0.012911 0.05787 0 0 0.07655736 0.003348937 5.582474e-07 0.02663562 
IA GA 0.95698 0.7355827 0.05787 0 0 0.9158107 0.003348937 0.001812049 0.3069906 
ME GA 0.00469 0.0001721467 0.05787 1 0 0.990642 0.003348937 9.924399e-11 0.3313303 
MI GA 0.07824 0.0006885867 0.05787 0 0 0.006121498 0.003348937 1.587904e-09 0.003156812 
MN GA 0.0053 0 0.05787 1 0 0.9894281 0.003348937 0 0.3309257 
MO GA 0.9997 0.9969014 0.05787 0 0 0.9994001 0.003348937 0.003328215 0.3353591 
MS GA 0.99987 0.9982785 0.05787 0 0 0.99974 0.003348937 0.003337417 0.3354755 
NC GA 0.3291 0.01411603 0.05787 0 0 0.1083068 0.003348937 6.673166e-07 0.0372188 
NH GA 0.04519 0 0.05787 1 0 0.9116621 0.003348937 0 0.3050037 
NM GA 0.01022 0.0001721467 0.05787 1 0 0.9796644 0.003348937 9.924399e-11 0.3276711 
NV GA 0.34366 0.02943708 0.05787 1 0 0.4307822 0.003348937 2.901993e-06 0.1447113 
OH GA 0.71385 0.2150112 0.05787 0 0 0.5095818 0.003348937 0.0001548207 0.1710285 
PA GA 0.0578 0.0003442933 0.05787 0 0 0.00334084 0.003348937 3.96976e-10 0.002229926 
SC GA 0.9879 0.9034257 0.05787 0 0 0.9759464 0.003348937 0.002733329 0.3273429 
TX GA 0.99959 0.9946635 0.05787 0 0 0.9991802 0.003348937 0.003313289 0.3352808 
VA GA 0.00978 0 0.05787 1 0 0.9805356 0.003348937 0 0.3279615 
WI GA 0.02885 0 0.05787 0 0 0.0008323225 0.003348937 0 0.001393753 
AZ IA 0.89915 0.5112254 0.04352 0 0 0.8084707 0.00189399 0.0004949971 0.2702866 
CO IA 0.0444 0.0002338634 0.04352 1 0 0.9131714 0.00189399 1.035863e-10 0.3050218 
FL IA 0.28063 0.009822264 0.04352 0 0 0.0787532 0.00189399 1.827263e-07 0.02688246 
GA IA 0.94175 0.6414874 0.04352 0 0 0.8868931 0.00189399 0.0007793885 0.2965221 
ME IA 0.00454 0 0.04352 1 0 0.9909406 0.00189399 0 0.3309449 
MI IA 0.07951 0.0004677268 0.04352 0 0 0.00632184 0.00189399 4.143453e-10 0.00273861 
MN IA 0.00535 0 0.04352 1 0 0.9893286 0.00189399 0 0.3304075 
MO IA 0.99969 0.9957905 0.04352 0 0 0.9993801 0.00189399 0.001878078 0.3343841 
MS IA 0.99992 0.996492 0.04352 0 0 0.99984 0.00189399 0.001880726 0.3345382 
NC IA 0.33239 0.01870907 0.04352 0 0 0.1104831 0.00189399 6.629524e-07 0.03745926 
NH IA 0.04369 0.0002338634 0.04352 1 0 0.9145288 0.00189399 1.035863e-10 0.3054743 
NM IA 0.01022 0 0.04352 1 0 0.9796644 0.00189399 0 0.3271861 
NV IA 0.34877 0.02198316 0.04352 1 0 0.4241005 0.00189399 9.152887e-07 0.1419985 
OH IA 0.71591 0.1667446 0.04352 0 0 0.5125271 0.00189399 5.266007e-05 0.1714913 
PA IA 0.05761 0.0002338634 0.04352 0 0 0.003318912 0.00189399 1.035863e-10 0.001737634 
SC IA 0.9869 0.8776894 0.04352 0 0 0.9739716 0.00189399 0.001459014 0.3257749 
TX IA 0.99962 0.9936857 0.04352 0 0 0.9992401 0.00189399 0.001870147 0.3343348 
VA IA 0.00956 0 0.04352 1 0 0.9809714 0.00189399 0 0.3276218 
WI IA 0.02947 0 0.04352 0 0 0.0008684809 0.00189399 0 0.0009208238 
AZ ME 0.89984 0.8993171 0.99582 0 1 0.01003203 1.74724e-05 0.01090813 0.006985877 
CO ME 0.04359 0.04211689 0.99582 1 1 0.9147201 1.74724e-05 0.001759034 0.3054989 
FL ME 0.2798 0.2766921 0.99582 0 1 0.518688 1.74724e-05 0.5248488 0.3478514 
GA ME 0.94324 0.9418257 0.99582 0 1 0.003221698 1.74724e-05 0.003857797 0.002365656 
IA ME 0.95624 0.9569693 0.99582 0 1 0.001914938 1.74724e-05 0.002211902 0.001381437 
MI ME 0.07833 0.07719422 0.99582 0 1 0.8494756 1.74724e-05 0.8521661 0.5672197 
MN ME 0.00499 0.004679655 0.99582 1 1 0.9900449 1.74724e-05 2.171647e-05 0.330028 
MO ME 0.99975 0.999769 0.99582 0 1 6.25e-08 1.74724e-05 1.944814e-05 1.232768e-05 
MS ME 0.99987 0.9998092 0.99582 0 1 1.69e-08 1.74724e-05 1.909693e-05 1.219541e-05 
NC ME 0.33348 0.3311307 0.99582 0 1 0.4442489 1.74724e-05 0.4492396 0.2978353 
NH ME 0.04321 0.04200643 0.99582 1 1 0.9154471 1.74724e-05 0.001749819 0.3057381 
NM ME 0.00976 0.008806989 0.99582 1 1 0.9805753 1.74724e-05 7.691599e-05 0.3268899 
NV ME 0.34772 0.3457823 0.99582 1 1 0.4254692 1.74724e-05 0.1185679 0.1813515 
OH ME 0.71761 0.7135469 0.99582 0 1 0.07974411 1.74724e-05 0.08377304 0.05451154 
PA ME 0.05582 0.05487046 0.99582 0 1 0.8914759 1.74724e-05 0.8937035 0.5950656 
SC ME 0.98744 0.9872364 0.99582 0 1 0.0001577536 1.74724e-05 0.0002852807 0.0001535022 
TX ME 0.99966 0.9997088 0.99582 0 1 1.156e-07 1.74724e-05 1.998095e-05 1.252298e-05 
VA ME 0.00951 0.008736694 0.99582 1 1 0.9810704 1.74724e-05 7.569304e-05 0.3270545 
WI ME 0.02699 0.02739506 0.99582 0 1 0.9467485 1.74724e-05 0.9461831 0.630983 
AZ MI 0.90133 0.890345 0.92062 0 0 0.8123958 0.8475412 0.671858 0.777265 
CO MI 0.04338 0.02649236 0.92062 1 0 0.9151218 0.8475412 0.0005948428 0.5877526 
FL MI 0.28076 0.2388107 0.92062 0 0 0.07882618 0.8475412 0.04833572 0.324901 
GA MI 0.94338 0.9365549 0.92062 0 0 0.8899658 0.8475412 0.7434081 0.8269717 
IA MI 0.95717 0.9532481 0.92062 0 0 0.9161744 0.8475412 0.7701454 0.8446203 
ME MI 0.00452 0.002005355 0.92062 1 0 0.9909804 0.8475412 3.408343e-06 0.6128417 
MN MI 0.00532 0.002146272 0.92062 1 0 0.9893883 0.8475412 3.904183e-06 0.6123111 
MO MI 0.99964 0.999664 0.92062 0 0 0.9992801 0.8475412 0.8469717 0.897931 
MS MI 0.99984 0.9998482 0.92062 0 0 0.99968 0.8475412 0.847284 0.8981684 
NC MI 0.33206 0.2921423 0.92062 0 0 0.1102638 0.8475412 0.07233518 0.3433801 
NH MI 0.04451 0.02834596 0.92062 1 0 0.9129611 0.8475412 0.0006809939 0.5870611 
NM MI 0.01003 0.004953768 0.92062 1 0 0.9800406 0.8475412 2.079851e-05 0.6092009 
NV MI 0.34917 0.3083043 0.92062 1 0 0.4235797 0.8475412 0.08056012 0.4505603 
OH MI 0.71879 0.6930615 0.92062 0 0 0.5166591 0.8475412 0.407103 0.5904344 
PA MI 0.05741 0.03622646 0.92062 0 0 0.003295908 0.8475412 0.001112276 0.2839831 
SC MI 0.98739 0.9856048 0.92062 0 0 0.974939 0.8475412 0.8233158 0.881932 
TX MI 0.99959 0.9996965 0.92062 0 0 0.9991802 0.8475412 0.8470268 0.897916 
VA MI 0.00956 0.004260024 0.92062 1 0 0.9809714 0.8475412 1.538101e-05 0.6095093 
WI MI 0.02945 0.01572849 0.92062 0 0 0.0008673025 0.8475412 0.0002096692 0.2828727 
AZ MN 0.90015 0.8996573 0.99474 0 1 0.009970022 2.76676e-05 0.01104074 0.007012809 
CO MN 0.04371 0.04108584 0.99474 1 1 0.9144906 2.76676e-05 0.001670335 0.3053962 
FL MN 0.27907 0.2776611 0.99474 0 1 0.5197401 2.76676e-05 0.5238856 0.3478844 
GA MN 0.94262 0.9418487 0.99474 0 1 0.003292464 2.76676e-05 0.003982299 0.002434144 
IA MN 0.95734 0.9572056 0.99474 0 1 0.001819876 2.76676e-05 0.002287642 0.001378395 
ME MN 0.00435 0.003899537 0.99474 1 1 0.9913189 2.76676e-05 1.504684e-05 0.3304539 
MI MN 0.07983 0.07632238 0.99474 0 1 0.8467128 2.76676e-05 0.8539221 0.5668875 
MO MN 0.99972 0.9997789 0.99474 0 1 7.84e-08 2.76676e-05 3.002979e-05 1.92586e-05 
MS MN 0.99981 0.999809 0.99474 0 1 3.61e-08 2.76676e-05 2.970198e-05 1.913523e-05 
NC MN 0.33098 0.3274807 0.99474 0 1 0.4475878 2.76676e-05 0.4546021 0.3007392 
NH MN 0.04419 0.04177931 0.99474 1 1 0.9135728 2.76676e-05 0.001727197 0.3051092 
NM MN 0.00994 0.00912572 0.99474 1 1 0.9802188 2.76676e-05 8.240497e-05 0.3267763 
NV MN 0.34575 0.3461442 0.99474 1 1 0.4280431 2.76676e-05 0.1185586 0.1822098 
OH MN 0.7155 0.7144996 0.99474 0 1 0.08094025 2.76676e-05 0.08367055 0.05487949 
PA MN 0.05792 0.05426185 0.99474 0 1 0.8875147 2.76676e-05 0.8949606 0.5941677 
SC MN 0.98724 0.9877084 0.99474 0 1 0.0001628176 2.76676e-05 0.0003057926 0.0001654259 
TX MN 0.99968 0.9997588 0.99474 0 1 1.024e-07 2.76676e-05 3.024934e-05 1.933978e-05 
VA MN 0.00985 0.008683504 0.99474 1 1 0.980397 2.76676e-05 7.461209e-05 0.3268331 
WI MN 0.0296 0.02676409 0.99474 0 1 0.9416762 2.76676e-05 0.9474622 0.629722 
AZ MO 0.89942 0.1193294 3e-04 0 0 0.8089563 9e-08 1.281555e-09 0.2696521 
CO MO 0.04352 0 3e-04 1 0 0.914854 9e-08 0 0.3049514 
FL MO 0.28191 0 3e-04 0 0 0.07947325 9e-08 0 0.02649111 
GA MO 0.94153 0.2071006 3e-04 0 0 0.8864787 9e-08 3.860159e-09 0.2954929 
IA MO 0.95635 0.2692308 3e-04 0 0 0.9146053 9e-08 6.523669e-09 0.3048685 
ME MO 0.00418 0 3e-04 1 0 0.9916575 9e-08 0 0.3305525 
MI MO 0.07949 0 3e-04 0 0 0.00631866 9e-08 0 0.00210625 
MN MO 0.00526 0 3e-04 1 0 0.9895077 9e-08 0 0.3298359 
MS MO 0.99982 0.9763314 3e-04 0 0 0.99964 9e-08 8.579006e-08 0.3332134 
NC MO 0.33418 0 3e-04 0 0 0.1116763 9e-08 0 0.03722545 
NH MO 0.04434 0 3e-04 1 0 0.913286 9e-08 0 0.3044287 
NM MO 0.01017 0 3e-04 1 0 0.9797634 9e-08 0 0.3265878 
NV MO 0.34978 0 3e-04 1 0 0.422786 9e-08 0 0.1409287 
OH MO 0.71673 0.01676529 3e-04 0 0 0.5137019 9e-08 2.529673e-11 0.171234 
PA MO 0.05905 0 3e-04 0 0 0.003486903 9e-08 0 0.001162331 
SC MO 0.98726 0.5532544 3e-04 0 0 0.9746823 9e-08 2.754814e-08 0.3248941 
TX MO 0.99964 0.9211045 3e-04 0 0 0.9992801 9e-08 7.635902e-08 0.3330934 
VA MO 0.00982 0 3e-04 1 0 0.9804564 9e-08 0 0.3268188 
WI MO 0.02934 0 3e-04 0 0 0.0008608356 9e-08 0 0.0002869752 
AZ MS 0.89842 0.1761762 0.00017 0 0 0.8071585 2.89e-08 8.969995e-10 0.2690528 
CO MS 0.04382 0 0.00017 1 0 0.9142802 2.89e-08 0 0.3047601 
FL MS 0.28143 0 0.00017 0 0 0.07920284 2.89e-08 0 0.02640096 
GA MS 0.94196 0.2422422 0.00017 0 0 0.8872886 2.89e-08 1.69589e-09 0.2957629 
IA MS 0.95564 0.3233233 0.00017 0 0 0.9132478 2.89e-08 3.021147e-09 0.3044159 
ME MS 0.00448 0 0.00017 1 0 0.9910601 2.89e-08 0 0.3303534 
MI MS 0.07809 0 0.00017 0 0 0.006098048 2.89e-08 0 0.002032692 
MN MS 0.00551 0 0.00017 1 0 0.9890104 2.89e-08 0 0.3296701 
MO MS 0.99974 0.9469469 0.00017 0 0 0.9994801 2.89e-08 2.591488e-08 0.33316 
NC MS 0.3316 0.002002002 0.00017 0 0 0.1099586 2.89e-08 1.158315e-13 0.03665286 
NH MS 0.0445 0 0.00017 1 0 0.9129803 2.89e-08 0 0.3043268 
NM MS 0.01008 0 0.00017 1 0 0.9799416 2.89e-08 0 0.3266472 
NV MS 0.35058 0 0.00017 1 0 0.4217463 2.89e-08 0 0.1405821 
OH MS 0.71492 0.03103103 0.00017 0 0 0.5111106 2.89e-08 2.782853e-11 0.1703702 
PA MS 0.05831 0 0.00017 0 0 0.003400056 2.89e-08 0 0.001133362 
SC MS 0.98768 0.5975976 0.00017 0 0 0.9755118 2.89e-08 1.032085e-08 0.3251706 
TX MS 0.99965 0.9459459 0.00017 0 0 0.9993001 2.89e-08 2.586012e-08 0.3331001 
VA MS 0.00993 0 0.00017 1 0 0.9802386 2.89e-08 0 0.3267462 
WI MS 0.0288 0.001001001 0.00017 0 0 0.00082944 2.89e-08 2.895789e-14 0.0002764896 
AZ NC 0.89946 0.8534963 0.66631 0 0 0.8090283 0.443969 0.3234119 0.5254697 
CO NC 0.04474 0.008778237 0.66631 1 0 0.9125217 0.443969 3.421112e-05 0.452175 
FL NC 0.28065 0.1399575 0.66631 0 0 0.07876442 0.443969 0.008696505 0.1771433 
GA NC 0.94344 0.9148841 0.66631 0 0 0.890079 0.443969 0.3716078 0.5685519 
IA NC 0.95604 0.9370094 0.66631 0 0 0.9140125 0.443969 0.3897989 0.5825935 
ME NC 0.0045 0.0003145785 0.66631 1 0 0.9910203 0.443969 4.3935e-08 0.4783298 
MI NC 0.07988 0.02208041 0.66631 0 0 0.006380814 0.443969 0.0002164547 0.1501888 
MN NC 0.00537 0.0005242974 0.66631 1 0 0.9892888 0.443969 1.220417e-07 0.4777527 
MO NC 0.99976 0.9995955 0.66631 0 0 0.9995201 0.443969 0.44361 0.629033 
MS NC 0.99978 0.9997753 0.66631 0 0 0.99956 0.443969 0.4437695 0.6290995 
NH NC 0.04312 0.00817904 0.66631 1 0 0.9156193 0.443969 2.970006e-05 0.453206 
NM NC 0.00997 0.001003655 0.66631 1 0 0.9801594 0.443969 4.472205e-07 0.4747096 
NV NC 0.34817 0.2026335 0.66631 1 0 0.4248823 0.443969 0.01822951 0.2956936 
OH NC 0.71728 0.6048894 0.66631 0 0 0.5144906 0.443969 0.1624444 0.3736347 
PA NC 0.05778 0.0126131 0.66631 0 0 0.003338528 0.443969 7.063114e-05 0.1491261 
SC NC 0.98716 0.9807658 0.66631 0 0 0.9744849 0.443969 0.4270545 0.6151694 
TX NC 0.9997 0.9993259 0.66631 0 0 0.9994001 0.443969 0.4433707 0.6289133 
VA NC 0.01024 0.0008838157 0.66631 1 0 0.9796249 0.443969 3.467976e-07 0.4745314 
WI NC 0.02943 0.004838516 0.66631 0 0 0.0008661249 0.443969 1.039387e-05 0.1482818 
AZ NH 0.89941 0.8960769 0.95562 0 1 0.01011835 0.001969584 0.02064711 0.01091168 
CO NH 0.04392 0.03164014 0.95562 1 1 0.914089 0.001969584 0.0009142129 0.3056576 
FL NH 0.27979 0.256854 0.95562 0 1 0.5187024 0.001969584 0.5693385 0.3633368 
GA NH 0.94254 0.9391246 0.95562 0 1 0.003301652 0.001969584 0.01051727 0.005262835 
IA NH 0.95703 0.9551329 0.95562 0 1 0.001846421 0.001969584 0.007613592 0.003809866 
ME NH 0.00425 0.002645392 0.95562 1 1 0.9915181 0.001969584 6.390731e-06 0.3311647 
MI NH 0.07839 0.06307116 0.95562 0 1 0.849365 0.001969584 0.8830886 0.5781411 
MN NH 0.00549 0.002561743 0.95562 1 1 0.9890501 0.001969584 5.992964e-06 0.3303419 
MO NH 0.99964 0.9997491 0.95562 0 1 1.296e-07 0.001969584 0.001990927 0.001320214 
MS NH 0.99981 0.9998432 0.95562 0 1 3.61e-08 0.001969584 0.00198291 0.00131751 
NC NH 0.33075 0.307932 0.95562 0 1 0.4478956 0.001969584 0.4980605 0.3159752 
NM NH 0.00992 0.006315481 0.95562 1 1 0.9802584 0.001969584 3.642364e-05 0.3274215 
NV NH 0.34527 0.3238566 0.95562 1 1 0.4286714 0.001969584 0.09578027 0.1754737 
OH NH 0.71524 0.7055668 0.95562 0 1 0.08108826 0.001969584 0.1061106 0.06305615 
PA NH 0.05763 0.04233673 0.95562 0 1 0.8880612 0.001969584 0.9207212 0.603584 
SC NH 0.98739 0.9868985 0.95562 0 1 0.0001590121 0.001969584 0.003237615 0.001788737 
TX NH 0.99962 0.9995818 0.95562 0 1 1.444e-07 0.001969584 0.00200522 0.001324983 
VA NH 0.00985 0.005154855 0.95562 1 1 0.980397 0.001969584 2.426629e-05 0.3274636 
WI NH 0.02922 0.01997114 0.95562 0 1 0.9424138 0.001969584 0.9621946 0.635526 
AZ NM 0.89928 0.9004707 0.99024 0 1 0.01014452 9.52576e-05 0.01173276 0.007324179 
CO NM 0.04381 0.04049659 0.99024 1 1 0.9142993 9.52576e-05 0.001608117 0.3053342 
FL NM 0.27882 0.2759303 0.99024 0 1 0.5201006 9.52576e-05 0.5281841 0.34946 
GA NM 0.94292 0.9427351 0.99024 0 1 0.003258126 9.52576e-05 0.004417734 0.002590373 
IA NM 0.95654 0.9570488 0.99024 0 1 0.001888772 9.52576e-05 0.002734456 0.001572828 
ME NM 0.00418 0.003373874 0.99024 1 1 0.9916575 9.52576e-05 1.116191e-05 0.330588 
MI NM 0.07808 0.07494242 0.99024 0 1 0.8499365 9.52576e-05 0.8570853 0.569039 
MN NM 0.00541 0.004495131 0.99024 1 1 0.9892093 9.52576e-05 1.98137e-05 0.3297748 
MO NM 0.99974 0.9997475 0.99024 0 1 6.76e-08 9.52576e-05 0.0001002015 6.517557e-05 
MS NM 0.99977 0.9997677 0.99024 0 1 5.29e-08 9.52576e-05 9.98014e-05 6.50373e-05 
NC NM 0.33104 0.326498 0.99024 0 1 0.4475075 9.52576e-05 0.4579074 0.3018367 
NH NM 0.04435 0.04175926 0.99024 1 1 0.9132669 9.52576e-05 0.001709962 0.305024 
NV NM 0.34681 0.3488121 0.99024 1 1 0.4266572 9.52576e-05 0.1193065 0.1820196 
OH NM 0.71545 0.7125944 0.99024 0 1 0.0809687 9.52576e-05 0.08664809 0.05590402 
PA NM 0.05641 0.05388096 0.99024 0 1 0.8903621 9.52576e-05 0.8961366 0.5955313 
SC NM 0.98684 0.9879894 0.99024 0 1 0.0001731856 9.52576e-05 0.0004688681 0.0002457704 
TX NM 0.99961 0.9997576 0.99024 0 1 1.521e-07 9.52576e-05 0.0001000014 6.513702e-05 
VA NM 0.00993 0.007727585 0.99024 1 1 0.9802386 9.52576e-05 5.855561e-05 0.3267975 
WI NM 0.02923 0.0256475 0.99024 0 1 0.9423944 9.52576e-05 0.9498507 0.6307801 
AZ NV 0.90087 0.8525895 0.65133 0 1 0.009826757 0.1215708 0.1977429 0.1097135 
CO NV 0.04358 0.007987688 0.65133 1 1 0.9147392 0.1215708 2.706726e-05 0.3454457 
FL NV 0.28003 0.1466256 0.65133 0 1 0.5183568 0.1215708 0.8181172 0.4860149 
GA NV 0.94291 0.9143825 0.65133 0 1 0.003259268 0.1215708 0.1635679 0.09613264 
IA NV 0.95805 0.9361601 0.65133 0 1 0.001759803 0.1215708 0.1522957 0.09187544 
ME NV 0.00441 0.0005540593 0.65133 1 1 0.9911994 0.1215708 1.302311e-07 0.3709234 
MI NV 0.07848 0.02291651 0.65133 0 1 0.8491991 0.1215708 0.9703704 0.6470468 
MN NV 0.00525 0.0003385918 0.65133 1 1 0.9895276 0.1215708 4.863568e-08 0.3703661 
MO NV 0.9997 0.9995075 0.65133 0 1 9e-08 0.1215708 0.1217946 0.08112181 
MS NV 0.99981 0.9996152 0.65133 0 1 3.61e-08 0.1215708 0.1217456 0.08110547 
NC NV 0.33314 0.1836091 0.65133 0 1 0.4447023 0.1215708 0.7751216 0.4471315 
NH NV 0.04478 0.008803386 0.65133 1 1 0.9124452 0.1215708 3.287772e-05 0.344683 
NM NV 0.01014 0.00144671 0.65133 1 1 0.9798228 0.1215708 8.879025e-07 0.3671315 
OH NV 0.7184 0.6023394 0.65133 0 1 0.07929856 0.1215708 0.3692729 0.1900474 
PA NV 0.05738 0.0115429 0.65133 0 1 0.8885325 0.1215708 0.98502 0.6650411 
SC NV 0.98769 0.9803155 0.65133 0 1 0.0001515361 0.1215708 0.1306758 0.08413271 
TX NV 0.99969 0.9994306 0.65133 0 1 9.61e-08 0.1215708 0.1218295 0.08113347 
VA NV 0.00993 0.0006002309 0.65133 1 1 0.9802386 0.1215708 1.528406e-07 0.3672698 
WI NV 0.02788 0.004924971 0.65133 0 1 0.9450173 0.1215708 0.9935947 0.6867276 
AZ OH 0.89993 0.7459617 0.28356 0 0 0.809874 0.08040627 0.04474279 0.3116744 
CO OH 0.04345 0.001423184 0.28356 1 0 0.9149879 0.08040627 1.62859e-07 0.3317981 
FL OH 0.28123 0.04920658 0.28356 0 0 0.07909031 0.08040627 0.0001946867 0.05323042 
GA OH 0.94272 0.8405323 0.28356 0 0 0.888721 0.08040627 0.05680659 0.341978 
IA OH 0.95736 0.8751156 0.28356 0 0 0.9165382 0.08040627 0.06157733 0.3528406 
ME OH 0.00435 0.0001423184 0.28356 1 0 0.9913189 0.08040627 1.62859e-09 0.3572417 
MI OH 0.07878 0.004554188 0.28356 0 0 0.006206288 0.08040627 1.667676e-06 0.02887141 
MN OH 0.00513 3.557959e-05 0.28356 1 0 0.9897663 0.08040627 1.017869e-10 0.3567242 
MO OH 0.99978 0.9987547 0.28356 0 0 0.99956 0.08040627 0.08020614 0.3867242 
MS OH 0.99986 0.9991817 0.28356 0 0 0.99972 0.08040627 0.08027473 0.3868003 
NC OH 0.33549 0.07396997 0.28356 0 0 0.1125535 0.08040627 0.0004399475 0.06446659 
NH OH 0.04477 0.001921298 0.28356 1 0 0.9124644 0.08040627 2.968106e-07 0.330957 
NM OH 0.01089 7.115918e-05 0.28356 1 0 0.9783386 0.08040627 4.071476e-10 0.352915 
NV OH 0.34731 0.0833274 0.28356 1 0 0.4260042 0.08040627 0.0005582974 0.1689896 
PA OH 0.05773 0.002170355 0.28356 0 0 0.003332753 0.08040627 3.78749e-07 0.02791314 
SC OH 0.98714 0.9633886 0.28356 0 0 0.9744454 0.08040627 0.07462648 0.3764927 
TX OH 0.99962 0.9985057 0.28356 0 0 0.9992401 0.08040627 0.08016614 0.3866042 
VA OH 0.00947 3.557959e-05 0.28356 1 0 0.9811497 0.08040627 1.017869e-10 0.353852 
WI OH 0.02891 0.0007471714 0.28356 0 0 0.0008357881 0.08040627 4.488802e-08 0.0270807 
AZ PA 0.90052 0.8941993 0.94323 0 0 0.8109363 0.8896828 0.7113836 0.8040009 
CO PA 0.04326 0.02774684 0.94323 1 0 0.9153514 0.8896828 0.0006849555 0.6019064 
FL PA 0.27929 0.2483321 0.94323 0 0 0.0780029 0.8896828 0.05486571 0.3408505 
GA PA 0.94273 0.9387363 0.94323 0 0 0.8887399 0.8896828 0.7840116 0.8541447 
IA PA 0.95693 0.9547629 0.94323 0 0 0.915715 0.8896828 0.8110101 0.872136 
ME PA 0.00439 0.001718268 0.94323 1 0 0.9912393 0.8896828 2.626739e-06 0.6269749 
MI PA 0.07885 0.05816654 0.94323 0 0 0.006217322 0.8896828 0.003010106 0.2996368 
MN PA 0.00567 0.002439516 0.94323 1 0 0.9886921 0.8896828 5.294714e-06 0.6261268 
MO PA 0.99975 0.9996924 0.94323 0 0 0.9995001 0.8896828 0.8891356 0.9261062 
MS PA 0.99978 0.9997773 0.94323 0 0 0.99956 0.8896828 0.8892865 0.9261765 
NC PA 0.3325 0.3007817 0.94323 0 0 0.1105563 0.8896828 0.08048928 0.3602428 
NH PA 0.04325 0.02995301 0.94323 1 0 0.9153706 0.8896828 0.0007982083 0.6019505 
NM PA 0.01039 0.005239656 0.94323 1 0 0.979328 0.8896828 2.442535e-05 0.6230117 
NV PA 0.34798 0.3202554 0.94323 1 0 0.4251301 0.8896828 0.09124901 0.4686873 
OH PA 0.71698 0.7009472 0.94323 0 0 0.5140603 0.8896828 0.4371251 0.6136228 
SC PA 0.98726 0.9869963 0.94323 0 0 0.9746823 0.8896828 0.866695 0.9103534 
TX PA 0.99967 0.9995863 0.94323 0 0 0.9993401 0.8896828 0.8889469 0.92599 
VA PA 0.00988 0.004104751 0.94323 1 0 0.9803376 0.8896828 1.499025e-05 0.6233451 
WI PA 0.02812 0.01719328 0.94323 0 0 0.0007907344 0.8896828 0.0002629983 0.2969122 
AZ SC 0.90061 0.3760553 0.01233 0 0 0.8110984 0.0001520289 2.149956e-05 0.270424 
CO SC 0.04427 0 0.01233 1 0 0.9134198 0.0001520289 0 0.304524 
FL SC 0.28173 0.003069839 0.01233 0 0 0.07937179 0.0001520289 1.432707e-09 0.02650794 
GA SC 0.94333 0.5234075 0.01233 0 0 0.8898715 0.0001520289 4.164914e-05 0.2966884 
IA SC 0.95714 0.5963162 0.01233 0 0 0.916117 0.0001520289 5.406041e-05 0.305441 
ME SC 0.00456 0 0.01233 1 0 0.9909008 0.0001520289 0 0.3303509 
MI SC 0.07841 0 0.01233 0 0 0.006148128 0.0001520289 0 0.002100052 
MN SC 0.00548 0 0.01233 1 0 0.98907 0.0001520289 0 0.3297407 
MO SC 0.99975 0.990023 0.01233 0 0 0.9995001 0.0001520289 0.0001490105 0.333267 
MS SC 0.99983 0.9930929 0.01233 0 0 0.99966 0.0001520289 0.000149936 0.3333207 
NC SC 0.33143 0.007674597 0.01233 0 0 0.1098458 0.0001520289 8.954417e-09 0.03666596 
NH SC 0.04554 0 0.01233 1 0 0.9109939 0.0001520289 0 0.3037153 
NM SC 0.0105 0 0.01233 1 0 0.9791103 0.0001520289 0 0.3264208 
NV SC 0.34633 0.0115119 0.01233 1 0 0.4272845 0.0001520289 2.014744e-08 0.1424788 
OH SC 0.71728 0.1350729 0.01233 0 0 0.5144906 0.0001520289 2.77372e-06 0.1715485 
PA SC 0.05707 0 0.01233 0 0 0.003256985 0.0001520289 0 0.001136338 
TX SC 0.9996 0.9884881 0.01233 0 0 0.9992002 0.0001520289 0.0001485488 0.3331669 
VA SC 0.0095 0 0.01233 1 0 0.9810903 0.0001520289 0 0.3270808 
WI SC 0.02772 0.0007674597 0.01233 0 0 0.0007683984 0.0001520289 8.954417e-11 0.0003068091 
AZ TX 0.89935 0.1521522 0.00033 0 0 0.8088304 1.089e-07 2.521065e-09 0.2696102 
CO TX 0.04403 0 0.00033 1 0 0.9138786 1.089e-07 0 0.3046262 
FL TX 0.27911 0 0.00033 0 0 0.07790239 1.089e-07 0 0.0259675 
GA TX 0.9419 0.2392392 0.00033 0 0 0.8871756 1.089e-07 6.232937e-09 0.2957252 
IA TX 0.95651 0.2952953 0.00033 0 0 0.9149114 1.089e-07 9.496005e-09 0.3049705 
ME TX 0.00441 0 0.00033 1 0 0.9911994 1.089e-07 0 0.3303999 
MI TX 0.07722 0 0.00033 0 0 0.005962928 1.089e-07 0 0.001987679 
MN TX 0.00517 0 0.00033 1 0 0.9896867 1.089e-07 0 0.3298956 
MO TX 0.99974 0.9349349 0.00033 0 0 0.9994801 1.089e-07 9.518985e-08 0.3331601 
MS TX 0.99981 0.95996 0.00033 0 0 0.99962 1.089e-07 1.003539e-07 0.3332067 
NC TX 0.3326 0 0.00033 0 0 0.1106228 1.089e-07 0 0.03687429 
NH TX 0.04507 0 0.00033 1 0 0.9118913 1.089e-07 0 0.3039638 
NM TX 0.01052 0 0.00033 1 0 0.9790707 1.089e-07 0 0.3263569 
NV TX 0.3485 0 0.00033 1 0 0.4244522 1.089e-07 0 0.1414841 
OH TX 0.71627 0.02902903 0.00033 0 0 0.5130427 1.089e-07 9.176834e-11 0.1710143 
PA TX 0.05736 0 0.00033 0 0 0.00329017 1.089e-07 0 0.001096759 
SC TX 0.9875 0.5475475 0.00033 0 0 0.9751563 1.089e-07 3.264913e-08 0.3250521 
VA TX 0.0098 0 0.00033 1 0 0.980496 1.089e-07 0 0.326832 
WI TX 0.02885 0 0.00033 0 0 0.0008323225 1.089e-07 0 0.0002774771 
AZ VA 0.90121 0.8981401 0.99015 0 1 0.009759464 9.70225e-05 0.01225595 0.007370811 
CO VA 0.04347 0.03949999 0.99015 1 1 0.9149496 9.70225e-05 0.001529664 0.3055254 
FL VA 0.28179 0.2732789 0.99015 0 1 0.5158256 9.70225e-05 0.5320431 0.3493219 
GA VA 0.94371 0.9427997 0.99015 0 1 0.003168564 9.70225e-05 0.0044205 0.002562029 
IA VA 0.95825 0.9570064 0.99015 0 1 0.001743062 9.70225e-05 0.002747868 0.001529318 
ME VA 0.00448 0.003422929 0.99015 1 1 0.9910601 9.70225e-05 1.148676e-05 0.3303895 
MI VA 0.08008 0.07373937 0.99015 0 1 0.8462528 9.70225e-05 0.8593048 0.5685516 
MN VA 0.00525 0.004099437 0.99015 1 1 0.9895276 9.70225e-05 1.647594e-05 0.3298804 
MO VA 0.99977 0.9997577 0.99015 0 1 5.29e-08 9.70225e-05 0.000101807 6.629413e-05 
MS VA 0.99988 0.9998586 0.99015 0 1 1.44e-08 9.70225e-05 9.979945e-05 6.561212e-05 
NC VA 0.33546 0.3280458 0.99015 0 1 0.4416134 9.70225e-05 0.4558754 0.2991953 
NH VA 0.04481 0.04085301 0.99015 1 1 0.9123879 9.70225e-05 0.001636251 0.3047071 
NM VA 0.00981 0.008219067 0.99015 1 1 0.9804762 9.70225e-05 6.622883e-05 0.3268798 
NV VA 0.35036 0.3415659 0.99015 1 1 0.4220321 9.70225e-05 0.1143802 0.1788365 
OH VA 0.7177 0.7148165 0.99015 0 1 0.07969329 9.70225e-05 0.0853951 0.05506181 
PA VA 0.05643 0.0521618 0.99015 0 1 0.8903243 9.70225e-05 0.8993715 0.5965976 
SC VA 0.98746 0.9880248 0.99015 0 1 0.0001572516 9.70225e-05 0.0004712045 0.0002418262 
TX VA 0.99971 0.9997779 0.99015 0 1 8.41e-08 9.70225e-05 0.0001014039 6.617016e-05 
WI VA 0.02894 0.02496012 0.99015 0 1 0.9429575 9.70225e-05 0.9511823 0.6314123 
AZ WI 0.89765 0.8972331 0.97132 0 0 0.8057755 0.9434625 0.7595131 0.8362504 
CO WI 0.04436 0.03452679 0.97132 1 0 0.9132478 0.9434625 0.001124701 0.6192784 
FL WI 0.27919 0.2634251 0.97132 0 0 0.07794706 0.9434625 0.06546948 0.362293 
GA WI 0.94143 0.9407185 0.97132 0 0 0.8862904 0.9434625 0.8349185 0.8882238 
IA WI 0.9572 0.9551038 0.97132 0 0 0.9162318 0.9434625 0.8606486 0.906781 
ME WI 0.00458 0.002759672 0.97132 1 0 0.990861 0.9434625 7.185211e-06 0.6447769 
MI WI 0.0789 0.06654104 0.97132 0 0 0.00622521 0.9434625 0.004177379 0.317955 
MN WI 0.0054 0.003511373 0.97132 1 0 0.9892292 0.9434625 1.163265e-05 0.6442344 
MO WI 0.99963 0.9997838 0.97132 0 0 0.9992601 0.9434625 0.9430546 0.9619257 
MS WI 0.9998 0.9997529 0.97132 0 0 0.9996 0.9434625 0.9429963 0.9620196 
NC WI 0.33243 0.3148703 0.97132 0 0 0.1105097 0.9434625 0.093538 0.3825034 
NH WI 0.04302 0.03544325 0.97132 1 0 0.9158107 0.9434625 0.0011852 0.6201528 
NM WI 0.0101 0.006713828 0.97132 1 0 0.979902 0.9434625 4.252704e-05 0.6411357 
NV WI 0.34952 0.328576 0.97132 1 0 0.4231242 0.9434625 0.1018583 0.4894817 
OH WI 0.71674 0.7062185 0.97132 0 0 0.5137162 0.9434625 0.4705469 0.6425752 
PA WI 0.05842 0.04613183 0.97132 0 0 0.003412896 0.9434625 0.002007825 0.3162944 
SC WI 0.98741 0.9866444 0.97132 0 0 0.9749785 0.9434625 0.9184299 0.9456236 
TX WI 0.99967 0.9995881 0.97132 0 0 0.9993401 0.9434625 0.9426855 0.9618294 
VA WI 0.0096 0.00579737 0.97132 1 0 0.9808922 0.9434625 3.17093e-05 0.6414621 
AZ ME2 0.90178 0.8695049 0.7542 0 0 0.8132072 0.5688176 0.4300482 0.6040243 
CO ME2 0.04478 0.01892899 0.7542 1 0 0.9124452 0.5688176 0.0002038111 0.4938222 
FL ME2 0.27795 0.1945736 0.7542 0 0 0.0772562 0.5688176 0.0215348 0.2225362 
GA ME2 0.94276 0.9253804 0.7542 0 0 0.8887964 0.5688176 0.487095 0.6482364 
IA ME2 0.957 0.9442037 0.7542 0 0 0.915849 0.5688176 0.5071127 0.6639264 
ME ME2 0.00438 0 0.7542 1 0 0.9912592 0.5688176 0 0.5200256 
MI ME2 0.07772 0.03866374 0.7542 0 0 0.006040398 0.5688176 0.000850317 0.1919028 
MN ME2 0.00549 0.001532284 0.7542 1 0 0.9890501 0.5688176 1.335523e-06 0.5192897 
MO ME2 0.99975 0.999683 0.7542 0 0 0.9995001 0.5688176 0.568457 0.7122582 
MS ME2 0.99987 0.9997226 0.7542 0 0 0.99974 0.5688176 0.5685021 0.7123533 
NC ME2 0.33098 0.2398288 0.7542 0 0 0.1095478 0.5688176 0.03271717 0.2370275 
NH ME2 0.04541 0.0183874 0.7542 1 0 0.9112421 0.5688176 0.0001923153 0.4934173 
NM ME2 0.00976 0.002958893 0.7542 1 0 0.9805753 0.5688176 4.980024e-06 0.516466 
NV ME2 0.34651 0.2610166 0.7542 1 0 0.4270492 0.5688176 0.03875335 0.3448734 
OH ME2 0.71806 0.6469803 0.7542 0 0 0.5156102 0.5688176 0.2380977 0.4408418 
PA ME2 0.05782 0.02466184 0.7542 0 0 0.003343152 0.5688176 0.0003459585 0.1908356 
SC ME2 0.98788 0.9833166 0.7542 0 0 0.9759069 0.5688176 0.5499963 0.6982403 
TX ME2 0.99969 0.9994848 0.7542 0 0 0.9993801 0.5688176 0.5682317 0.7121432 
VA ME2 0.00957 0.002522984 0.7542 1 0 0.9809516 0.5688176 3.62078e-06 0.5165909 
WI ME2 0.02832 0.01027687 0.7542 0 0 0.0008020224 0.5688176 6.007511e-05 0.1898932 
AZ NE2 0.9007 0.6572808 0.07418 0 0 0.8112605 0.005502672 0.002377254 0.2730468 
CO NE2 0.04438 0.0009385894 0.07418 1 0 0.9132096 0.005502672 4.84758e-09 0.3062374 
FL NE2 0.28119 0.04263878 0.07418 0 0 0.07906782 0.005502672 1.000422e-05 0.0281935 
GA NE2 0.94278 0.7699115 0.07418 0 0 0.8888341 0.005502672 0.003261785 0.2991995 
IA NE2 0.95756 0.8047734 0.07418 0 0 0.9169212 0.005502672 0.003563862 0.3086626 
ME NE2 0.00413 0.0001340842 0.07418 1 0 0.9917571 0.005502672 9.89302e-11 0.3324199 
MI NE2 0.07895 0.004424779 0.07418 0 0 0.006233102 0.005502672 1.07735e-07 0.003911961 
MN NE2 0.00514 0.0001340842 0.07418 1 0 0.9897464 0.005502672 9.89302e-11 0.3317497 
MO NE2 0.99973 0.9966479 0.07418 0 0 0.9994601 0.005502672 0.005465843 0.3368095 
MS NE2 0.99984 0.998391 0.07418 0 0 0.99968 0.005502672 0.005484979 0.3368892 
NC NE2 0.33318 0.0543041 0.07418 0 0 0.1110089 0.005502672 1.622703e-05 0.0388426 
NH NE2 0.04436 0.00160901 0.07418 1 0 0.9132478 0.005502672 1.424595e-08 0.3062502 
NM NE2 0.00969 0.0001340842 0.07418 1 0 0.9807139 0.005502672 9.89302e-11 0.3287389 
NV NE2 0.34705 0.0670421 0.07418 1 0 0.4263437 0.005502672 2.473255e-05 0.143957 
OH NE2 0.71632 0.3382944 0.07418 0 0 0.5131143 0.005502672 0.0006297431 0.1730823 
PA NE2 0.05806 0.001743095 0.07418 0 0 0.003370964 0.005502672 1.67192e-08 0.002957884 
SC NE2 0.98768 0.9318852 0.07418 0 0 0.9755118 0.005502672 0.004778576 0.3285977 
TX NE2 0.99962 0.9970501 0.07418 0 0 0.9992401 0.005502672 0.005470256 0.3367377 
VA NE2 0.00933 0 0.07418 1 0 0.981427 0.005502672 0 0.3289766 
WI NE2 0.02845 0.000670421 0.07418 0 0 0.0008094025 0.005502672 2.473255e-09 0.002104026 
The average brier score with the third way of testing it is(TC) 0.3205307