State1: State2: Win Prob(State1): Conditional Prob(State1): Win Prob(State2): Outcome1: Outcome2: Brier Score(State1): Brier Score(State2): Brier Score(Conditional): Brier Score(Average)
CO AZ 0.95683 0.9515271 0.89887 1 0 0.001863649 0.01022728 0.02093834 0.01100976 
FL AZ 0.7202 0.689531 0.89887 0 0 0.518688 0.8079673 0.3841505 0.5702686 
GA AZ 0.05741 0.03405215 0.89887 0 0 0.003295908 0.8079673 0.0009368776 0.2707334 
IA AZ 0.04253 0.02438645 0.89887 0 0 0.001808801 0.8079673 0.0004804973 0.2700855 
ME AZ 0.99582 0.9952894 0.89887 1 0 1.74724e-05 0.01022728 0.01110163 0.007115458 
MI AZ 0.9229 0.9127309 0.89887 0 0 0.8517444 0.8079673 0.6730996 0.7776038 
MN AZ 0.99497 0.9940895 0.89887 1 0 2.53009e-05 0.01022728 0.01133007 0.007194215 
MO AZ 0.00029 2.222e-05 0.89887 0 0 8.41e-08 0.8079673 3.989164e-10 0.2693225 
MS AZ 0.00013 1.111e-05 0.89887 0 0 1.69e-08 0.8079673 9.97291e-11 0.2693224 
NC AZ 0.67003 0.6327701 0.89887 0 0 0.4489402 0.8079673 0.3235084 0.5268053 
NH AZ 0.95639 0.9508049 0.89887 1 0 0.001901832 0.01022728 0.02112662 0.01108524 
NM AZ 0.9899 0.9887345 0.89887 1 0 0.00010201 0.01022728 0.01237795 0.00756908 
NV AZ 0.65244 0.6179604 0.89887 1 0 0.120798 0.01022728 0.1976104 0.1095452 
OH AZ 0.28259 0.235632 0.89887 0 0 0.07985711 0.8079673 0.04486031 0.3108949 
PA AZ 0.94356 0.9348843 0.89887 0 0 0.8903055 0.8079673 0.7061704 0.801481 
SC AZ 0.01215 0.00496617 0.89887 0 0 0.0001476225 0.8079673 1.992677e-05 0.2693783 
TX AZ 0.00033 5.555e-05 0.89887 0 0 1.089e-07 0.8079673 2.493227e-09 0.2693225 
VA AZ 0.9904 0.9891233 0.89887 1 0 9.216e-05 0.01022728 0.0123003 0.007539913 
WI AZ 0.97165 0.9687365 0.89887 0 0 0.9441037 0.8079673 0.7582372 0.8367694 
AZ CO 0.10166 0.0009138679 0.04335 0 1 0.01033476 0.9151792 1.569441e-09 0.3085047 
FL CO 0.72134 0.1688371 0.04335 0 1 0.5203314 0.9151792 5.356906e-05 0.4785214 
GA CO 0.05813 0.000456934 0.04335 0 1 0.003379097 0.9151792 3.923603e-10 0.3061861 
IA CO 0.04289 0 0.04335 0 1 0.001839552 0.9151792 0 0.3056729 
ME CO 0.99593 0.9531643 0.04335 1 1 1.65649e-05 0.9151792 0.001707315 0.3056344 
MI CO 0.92228 0.5442084 0.04335 0 1 0.8506004 0.9151792 0.0005565557 0.5887787 
MN CO 0.99467 0.9355723 0.04335 1 1 2.84089e-05 0.9151792 0.001644875 0.3056175 
MO CO 0.00026 0 0.04335 0 1 6.76e-08 0.9151792 0 0.3050598 
MS CO 0.00014 0 0.04335 0 1 1.96e-08 0.9151792 0 0.3050597 
NC CO 0.66745 0.1359379 0.04335 0 1 0.4454895 0.9151792 3.472634e-05 0.4535678 
NH CO 0.95572 0.6892849 0.04335 1 1 0.001960718 0.9151792 0.0008928443 0.3060109 
NM CO 0.99016 0.9088417 0.04335 1 1 9.68256e-05 0.9151792 0.001552225 0.3056094 
NV CO 0.65131 0.1165182 0.04335 1 1 0.1215847 0.9151792 2.551323e-05 0.3455965 
OH CO 0.28383 0.00685401 0.04335 0 1 0.08055947 0.9151792 8.828108e-08 0.3319129 
PA CO 0.94156 0.605209 0.04335 0 1 0.8865352 0.9151792 0.0006883178 0.6008009 
SC CO 0.01233 0 0.04335 0 1 0.0001520289 0.9151792 0 0.3051104 
TX CO 0.00044 0 0.04335 0 1 1.936e-07 0.9151792 0 0.3050598 
VA CO 0.98998 0.8843957 0.04335 1 1 0.0001004004 0.9151792 0.001469845 0.3055832 
WI CO 0.97067 0.7690199 0.04335 0 1 0.9422002 0.9151792 0.001111356 0.6194969 
AZ FL 0.10022 0.006288185 0.27952 0 0 0.01004405 0.07813143 3.089416e-06 0.02939286 
CO FL 0.9554 0.8698775 0.27952 1 0 0.00198916 0.5190914 0.5728247 0.3646351 
GA FL 0.05874 0.002429526 0.27952 0 0 0.003450388 0.07813143 4.611783e-07 0.02719409 
IA FL 0.04361 0.001250491 0.27952 0 0 0.001901832 0.07813143 1.221763e-07 0.02667779 
ME FL 0.99529 0.98553 0.27952 1 0 2.21841e-05 0.5190914 0.524936 0.3480165 
MI FL 0.92072 0.7845939 0.27952 0 0 0.8477253 0.07813143 0.04809674 0.3246512 
MN FL 0.99468 0.982243 0.27952 1 0 2.83024e-05 0.5190914 0.5262682 0.3484626 
MO FL 0.00019 0 0.27952 0 0 3.61e-08 0.07813143 0 0.02604382 
MS FL 0.00018 0 0.27952 0 0 3.24e-08 0.07813143 0 0.02604382 
NC FL 0.67025 0.3318804 0.27952 0 0 0.4492351 0.07813143 0.008605754 0.1786574 
NH FL 0.95633 0.8729858 0.27952 1 0 0.001907069 0.5190914 0.5715103 0.3641696 
NM FL 0.98962 0.9686305 0.27952 1 0 0.0001077444 0.5190914 0.5318032 0.3503341 
NV FL 0.65409 0.3447068 0.27952 1 0 0.1196537 0.5190914 0.8165789 0.485108 
OH FL 0.28597 0.05202044 0.27952 0 0 0.08177884 0.07813143 0.0002114335 0.0533739 
PA FL 0.94285 0.8312551 0.27952 0 0 0.8889661 0.07813143 0.05398765 0.3403617 
SC FL 0.01228 0.0001786416 0.27952 0 0 0.0001507984 0.07813143 2.493395e-09 0.02609408 
TX FL 0.00022 0 0.27952 0 0 4.84e-08 0.07813143 0 0.02604383 
VA FL 0.99027 0.9671299 0.27952 1 0 9.46729e-05 0.5190914 0.5324152 0.3505338 
WI FL 0.97095 0.9120011 0.27952 0 0 0.9427439 0.07813143 0.06498551 0.3619536 
AZ GA 0.10198 0.07829227 0.9417 0 0 0.01039992 0.8867989 0.005435793 0.3008782 
CO GA 0.95717 0.9548289 0.9417 1 0 0.001834409 0.00339889 0.01016822 0.005133839 
FL GA 0.71983 0.7052763 0.9417 0 0 0.5181552 0.8867989 0.4411068 0.6153536 
IA GA 0.04398 0.02813397 0.9417 0 0 0.00193424 0.8867989 0.0007019192 0.2964783 
ME GA 0.99582 0.995521 0.9417 1 0 1.74724e-05 0.00339889 0.003908483 0.002441615 
MI GA 0.92122 0.9169429 0.9417 0 0 0.8486463 0.8867989 0.7456065 0.8270172 
MN GA 0.99455 0.9939751 0.9417 1 0 2.97025e-05 0.00339889 0.004092631 0.002507074 
MO GA 0.00027 0.0001058862 0.9417 0 0 7.29e-08 0.8867989 9.942692e-09 0.2955997 
MS GA 0.00015 5.294311e-05 0.9417 0 0 2.25e-08 0.8867989 2.485673e-09 0.2955996 
NC GA 0.66708 0.6485531 0.9417 0 0 0.4449957 0.8867989 0.3730063 0.568267 
NH GA 0.95542 0.9539077 0.9417 1 0 0.001987376 0.00339889 0.01034393 0.005243397 
NM GA 0.98966 0.9899302 0.9417 1 0 0.0001069156 0.00339889 0.004594496 0.0027001 
NV GA 0.65307 0.6329243 0.9417 1 0 0.1203604 0.00339889 0.163196 0.09565177 
OH GA 0.28384 0.2531422 0.9417 0 0 0.08056515 0.8867989 0.05682692 0.341397 
PA GA 0.94137 0.9392954 0.9417 0 0 0.8861775 0.8867989 0.7824013 0.8517926 
SC GA 0.01287 0.007369681 0.9417 0 0 0.0001656369 0.8867989 4.816399e-05 0.2956709 
TX GA 0.00035 0.0001270635 0.9417 0 0 1.225e-07 0.8867989 1.431748e-08 0.2955997 
VA GA 0.99043 0.9903538 0.9417 1 0 9.15849e-05 0.00339889 0.004540584 0.00267702 
WI GA 0.97214 0.9700871 0.9417 0 0 0.9450562 0.8867989 0.834539 0.888798 
AZ IA 0.10197 0.08237014 0.95653 0 0 0.01039788 0.9149496 0.006207787 0.3105184 
CO IA 0.95662 0.9537562 0.95653 1 0 0.001881824 0.001889641 0.007691918 0.003821128 
FL IA 0.72327 0.7063117 0.95653 0 0 0.5231195 0.9149496 0.4564466 0.6315052 
GA IA 0.05812 0.04552336 0.95653 0 0 0.003377934 0.9149496 0.00189612 0.3067412 
ME IA 0.99566 0.9954372 0.95653 1 0 1.88356e-05 0.001889641 0.002288133 0.00139887 
MI IA 0.92332 0.9182772 0.95653 0 0 0.8525198 0.9149496 0.7715158 0.8463284 
MN IA 0.99503 0.9941947 0.95653 1 0 2.47009e-05 0.001889641 0.002403246 0.001439196 
MO IA 0.00033 9.397024e-05 0.95653 0 0 1.089e-07 0.9149496 8.079377e-09 0.3049833 
MS IA 9e-05 2.088228e-05 0.95653 0 0 8.1e-09 0.9149496 3.989816e-10 0.3049832 
NC IA 0.67234 0.6522683 0.95653 0 0 0.4520411 0.9149496 0.389269 0.5854199 
NH IA 0.95631 0.954153 0.95653 1 0 0.001908816 0.001889641 0.007625493 0.003807983 
NM IA 0.99008 0.9889428 0.95653 1 0 9.84064e-05 0.001889641 0.002921025 0.001636358 
NV IA 0.65165 0.6363247 0.95653 1 0 0.1213477 0.001889641 0.1531441 0.09212716 
OH IA 0.28499 0.255077 0.95653 0 0 0.0812193 0.9149496 0.05953054 0.3518998 
PA IA 0.94378 0.9397442 0.95653 0 0 0.8907207 0.9149496 0.8080095 0.8712266 
SC IA 0.0126 0.00770556 0.95653 0 0 0.00015876 0.9149496 5.432573e-05 0.3050542 
TX IA 0.00032 0.0001044114 0.95653 0 0 1.024e-07 0.9149496 9.97454e-09 0.3049833 
VA IA 0.99032 0.9897259 0.95653 1 0 9.37024e-05 0.001889641 0.00284062 0.001607988 
WI IA 0.97256 0.9701175 0.95653 0 0 0.945873 0.9149496 0.8610846 0.9073024 
AZ ME 0.1001 0 0.00459 0 1 0.01002001 0.9908411 0 0.3336204 
CO ME 0.95553 0.5110434 0.00459 1 1 0.001977581 0.9908411 5.502258e-06 0.3309414 
FL ME 0.72027 0.0936786 0.00459 0 1 0.5187889 0.9908411 1.848869e-07 0.50321 
GA ME 0.05767 0 0.00459 0 1 0.003325829 0.9908411 0 0.331389 
IA ME 0.04319 0 0.00459 0 1 0.001865376 0.9908411 0 0.3309021 
MI ME 0.92148 0.3670982 0.00459 0 1 0.8491254 0.9908411 2.839161e-06 0.6133231 
MN ME 0.995 0.8659558 0.00459 1 1 2.5e-05 0.9908411 1.579854e-05 0.330294 
MO ME 0.00024 0 0.00459 0 1 5.76e-08 0.9908411 0 0.3302804 
MS ME 0.00015 0 0.00459 0 1 2.25e-08 0.9908411 0 0.3302804 
NC ME 0.66969 0.05026657 0.00459 0 1 0.4484847 0.9908411 5.323335e-08 0.4797753 
NH ME 0.95549 0.4752475 0.00459 1 1 0.00198114 0.9908411 4.758445e-06 0.3309423 
NM ME 0.99066 0.8088347 0.00459 1 1 8.72356e-05 0.9908411 1.378304e-05 0.330314 
NV ME 0.65296 0.05483625 0.00459 1 1 0.1204368 0.9908411 6.335208e-08 0.370426 
OH ME 0.28367 0.003046458 0.00459 0 1 0.08046867 0.9908411 1.955311e-10 0.3571032 
PA ME 0.94231 0.4318355 0.00459 0 1 0.8879481 0.9908411 3.928819e-06 0.6262644 
SC ME 0.01289 0 0.00459 0 1 0.0001661521 0.9908411 0 0.3303357 
TX ME 0.00032 0 0.00459 0 1 1.024e-07 0.9908411 0 0.3302804 
VA ME 0.99012 0.7730388 0.00459 1 1 9.76144e-05 0.9908411 1.259007e-05 0.3303171 
WI ME 0.97035 0.5955826 0.00459 0 1 0.9415791 0.9908411 7.473249e-06 0.6441426 
AZ MI 0.10111 0.001875938 0.07915 0 0 0.01022323 0.006264723 2.204646e-08 0.005495992 
CO MI 0.95732 0.7547524 0.07915 1 0 0.001821582 0.8479647 0.8840914 0.5779592 
FL MI 0.72236 0.2356178 0.07915 0 0 0.521804 0.006264723 0.0003477908 0.1761388 
GA MI 0.05801 0.001125563 0.07915 0 0 0.00336516 0.006264723 7.936724e-09 0.003209964 
IA MI 0.04349 0.0001250625 0.07915 0 0 0.00189138 0.006264723 9.798425e-11 0.002718701 
ME MI 0.99576 0.9641071 0.07915 1 0 1.79776e-05 0.8479647 0.8532049 0.5670625 
MN MI 0.99459 0.9594797 0.07915 1 0 2.92681e-05 0.8479647 0.8538817 0.5672919 
MO MI 0.00015 0 0.07915 0 0 2.25e-08 0.006264723 0 0.002088248 
MS MI 0.00025 0 0.07915 0 0 6.25e-08 0.006264723 0 0.002088262 
NC MI 0.6685 0.1857179 0.07915 0 0 0.4468922 0.006264723 0.0002160773 0.1511243 
NH MI 0.95488 0.760005 0.07915 1 0 0.002035814 0.8479647 0.8833098 0.5777701 
NM MI 0.98999 0.9302151 0.07915 1 0 0.0001002001 0.8479647 0.8581678 0.5687442 
NV MI 0.6518 0.1989745 0.07915 1 0 0.1212432 0.8479647 0.9687504 0.6459861 
OH MI 0.28738 0.0170085 0.07915 0 0 0.08258726 0.006264723 1.812317e-06 0.02961793 
PA MI 0.9427 0.6928464 0.07915 0 0 0.8886833 0.006264723 0.003007293 0.2993184 
SC MI 0.0129 0 0.07915 0 0 0.00016641 0.006264723 0 0.002143711 
TX MI 0.00035 0 0.07915 0 0 1.225e-07 0.006264723 0 0.002088282 
VA MI 0.99048 0.9197099 0.07915 1 0 9.06304e-05 0.8479647 0.859709 0.5692548 
WI MI 0.97141 0.8177839 0.07915 0 0 0.9436374 0.006264723 0.004189662 0.3180306 
AZ MN 0.10132 0 0.00507 0 1 0.01026574 0.9898857 0 0.3333838 
CO MN 0.9568 0.5267938 0.00507 1 1 0.00186624 0.9898857 7.133411e-06 0.3305864 
FL MN 0.71999 0.07992734 0.00507 0 1 0.5183856 0.9898857 1.642127e-07 0.5027572 
GA MN 0.05823 0 0.00507 0 1 0.003390733 0.9898857 0 0.3310921 
IA MN 0.04493 0 0.00507 0 1 0.002018705 0.9898857 0 0.3306348 
ME MN 0.99571 0.8755677 0.00507 1 1 1.84041e-05 0.9898857 1.970586e-05 0.3299746 
MI MN 0.91972 0.3932788 0.00507 0 1 0.8458849 0.9898857 3.975732e-06 0.6119249 
MO MN 0.00016 0 0.00507 0 1 2.56e-08 0.9898857 0 0.3299619 
MS MN 0.00025 0 0.00507 0 1 6.25e-08 0.9898857 0 0.3299619 
NC MN 0.66625 0.06085377 0.00507 0 1 0.4438891 0.9898857 9.51899e-08 0.477925 
NH MN 0.95557 0.489555 0.00507 1 1 0.001974025 0.9898857 6.16054e-06 0.330622 
NM MN 0.9894 0.7856494 0.00507 1 1 0.00011236 0.9898857 1.586622e-05 0.3300046 
NV MN 0.64998 0.05631244 0.00507 1 1 0.122514 0.9898857 8.151258e-08 0.3707999 
OH MN 0.2825 0.003633061 0.00507 0 1 0.07980625 0.9898857 3.392823e-10 0.356564 
PA MN 0.94213 0.4050863 0.00507 0 1 0.8876089 0.9898857 4.218043e-06 0.625833 
SC MN 0.01274 0 0.00507 0 1 0.0001623076 0.9898857 0 0.330016 
TX MN 0.00033 0 0.00507 0 1 1.089e-07 0.9898857 0 0.3299619 
VA MN 0.99049 0.7656676 0.00507 1 1 9.04401e-05 0.9898857 1.506942e-05 0.3299971 
WI MN 0.97172 0.6294278 0.00507 0 1 0.9442398 0.9898857 1.018375e-05 0.6447119 
AZ MO 0.0988 0.100122 0.99967 0 0 0.00976144 0.9993401 0.01001781 0.3397065 
CO MO 0.95606 0.9572606 0.99967 1 0 0.001930724 1.089e-07 0.001853759 0.00126153 
FL MO 0.719 0.7188682 0.99967 0 0 0.516961 0.9993401 0.5164304 0.6775772 
GA MO 0.05663 0.0568225 0.99967 0 0 0.003206957 0.9993401 0.003226666 0.3352579 
IA MO 0.04234 0.04283942 0.99967 0 0 0.001792676 0.9993401 0.001834005 0.3343223 
ME MO 0.99565 0.9957791 0.99967 1 0 1.89225e-05 1.089e-07 2.069828e-05 1.324323e-05 
MI MO 0.92087 0.9209726 0.99967 0 0 0.8480016 0.9993401 0.8476308 0.8983242 
MN MO 0.99463 0.9946688 0.99967 1 0 2.88369e-05 1.089e-07 3.202896e-05 2.032492e-05 
MS MO 0.00012 0.0001700374 0.99967 0 0 1.44e-08 0.9993401 2.889364e-08 0.3331134 
NC MO 0.66617 0.6690172 0.99967 0 0 0.4437825 0.9993401 0.4472886 0.6301371 
NH MO 0.95504 0.9556302 0.99967 1 0 0.002021402 1.089e-07 0.00199676 0.001339423 
NM MO 0.99005 0.9900478 0.99967 1 0 9.90025e-05 1.089e-07 0.0001056559 6.825576e-05 
NV MO 0.65101 0.6520334 0.99967 1 0 0.121794 1.089e-07 0.1212305 0.08100821 
OH MO 0.28112 0.2851727 0.99967 0 0 0.07902845 0.9993401 0.08126983 0.3865461 
PA MO 0.9411 0.9426074 0.99967 0 0 0.8856692 0.9993401 0.8879223 0.9243106 
SC MO 0.01233 0.01232271 0.99967 0 0 0.0001520289 0.9993401 0.000151749 0.3332146 
TX MO 3e-04 0.0004300946 0.99967 0 0 9e-08 0.9993401 1.848593e-07 0.3331135 
VA MO 0.98961 0.9905779 0.99967 1 0 0.0001079521 1.089e-07 9.504229e-05 6.77011e-05 
WI MO 0.96992 0.9713137 0.99967 0 0 0.9407448 0.9993401 0.9428277 0.9609709 
AZ MS 0.1003 0.1005201 0.99979 0 0 0.01006009 0.99958 0.01010005 0.3399134 
CO MS 0.95572 0.9558512 0.99979 1 0 0.001960718 4.41e-08 0.001966883 0.001309215 
FL MS 0.72046 0.720074 0.99979 0 0 0.5190626 0.99958 0.5182888 0.6789772 
GA MS 0.05727 0.05795159 0.99979 0 0 0.003279853 0.99958 0.003356976 0.3354056 
IA MS 0.04365 0.04368874 0.99979 0 0 0.001905323 0.99958 0.001907904 0.3344644 
ME MS 0.99573 0.9954791 0.99979 1 0 1.82329e-05 4.41e-08 2.237247e-05 1.354982e-05 
MI MS 0.92047 0.9206841 0.99979 0 0 0.847265 0.99958 0.8473033 0.8980495 
MN MS 0.99466 0.994779 0.99979 1 0 2.85156e-05 4.41e-08 2.948433e-05 1.934801e-05 
MO MS 0.00029 0.000240048 0.99979 0 0 8.41e-08 0.99958 5.759885e-08 0.3331934 
NC MS 0.6687 0.6677836 0.99979 0 0 0.4471597 0.99958 0.4457476 0.6308291 
NH MS 0.9567 0.9564213 0.99979 1 0 0.00187489 4.41e-08 0.00191665 0.001263861 
NM MS 0.9902 0.9903281 0.99979 1 0 9.604e-05 4.41e-08 9.761249e-05 6.456553e-05 
NV MS 0.65248 0.6519304 0.99979 1 0 0.1207702 4.41e-08 0.1212478 0.08067266 
OH MS 0.28117 0.2823265 0.99979 0 0 0.07905657 0.99958 0.07967476 0.3861038 
PA MS 0.9421 0.9425985 0.99979 0 0 0.8875524 0.99958 0.8881188 0.9250838 
SC MS 0.01268 0.01208242 0.99979 0 0 0.0001607824 0.99958 0.0001459235 0.3332956 
TX MS 0.00036 0.000320064 0.99979 0 0 1.296e-07 0.99958 1.02398e-07 0.3331934 
VA MS 0.99043 0.990178 0.99979 1 0 9.15849e-05 4.41e-08 0.0001005989 6.407598e-05 
WI MS 0.97205 0.9721844 0.99979 0 0 0.9448812 0.99958 0.9447457 0.963069 
AZ NC 0.10153 0.009670831 0.33526 0 0 0.01030834 0.1123993 1.051214e-05 0.04090604 
CO NC 0.9552 0.88392 0.33526 1 0 0.00200704 0.4418793 0.4951332 0.3130065 
FL NC 0.71971 0.4379805 0.33526 0 0 0.5179825 0.1123993 0.02156121 0.2173143 
GA NC 0.05803 0.00297333 0.33526 0 0 0.003367481 0.1123993 9.936873e-07 0.03858925 
IA NC 0.04411 0.001862086 0.33526 0 0 0.001945692 0.1123993 3.89729e-07 0.03811512 
ME NC 0.99571 0.9877463 0.33526 1 0 1.84041e-05 0.4418793 0.4473579 0.2964185 
MI NC 0.92076 0.8065233 0.33526 0 0 0.847799 0.1123993 0.07311346 0.3444372 
MN NC 0.9944 0.9847429 0.33526 1 0 3.136e-05 0.4418793 0.4487058 0.2968722 
MO NC 0.00026 0 0.33526 0 0 6.76e-08 0.1123993 0 0.03746645 
MS NC 0.00019 0 0.33526 0 0 3.61e-08 0.1123993 0 0.03746643 
NH NC 0.95467 0.8852415 0.33526 1 0 0.002054809 0.4418793 0.4945099 0.3128146 
NM NC 0.99024 0.9732701 0.33526 1 0 9.52576e-05 0.4418793 0.4538737 0.2986161 
NV NC 0.65062 0.3646384 0.33526 1 0 0.1220664 0.4418793 0.7704474 0.4447977 
OH NC 0.28417 0.06349111 0.33526 0 0 0.08075259 0.1123993 0.0004530951 0.06453498 
PA NC 0.94162 0.8529853 0.33526 0 0 0.8866482 0.1123993 0.08177991 0.3602758 
SC NC 0.01244 0.0001501682 0.33526 0 0 0.0001547536 0.1123993 2.534658e-09 0.03751801 
TX NC 0.00039 0 0.33526 0 0 1.521e-07 0.1123993 0 0.03746647 
VA NC 0.99037 0.9704769 0.33526 1 0 9.27369e-05 0.4418793 0.4551363 0.2990361 
WI NC 0.97079 0.9235644 0.33526 0 0 0.9424332 0.1123993 0.09587334 0.3835686 
AZ NH 0.10037 0.0002262955 0.04413 0 1 0.01007414 0.9136875 9.972863e-11 0.3079205 
CO NH 0.95755 0.6933695 0.04413 1 1 0.001802002 0.9136875 0.0009362619 0.3054752 
FL NH 0.71833 0.1916723 0.04413 0 1 0.515998 0.9136875 7.154622e-05 0.4765857 
GA NH 0.05782 0.0006788866 0.04413 0 1 0.003343152 0.9136875 8.975577e-10 0.3056769 
IA NH 0.04332 0 0.04413 0 1 0.001876622 0.9136875 0 0.305188 
ME NH 0.99606 0.9529305 0.04413 1 1 1.55236e-05 0.9136875 0.00176844 0.3051571 
MI NH 0.92042 0.5752433 0.04413 0 1 0.847173 0.9136875 0.0006444229 0.5871683 
MN NH 0.99466 0.9454628 0.04413 1 1 2.85156e-05 0.9136875 0.001740831 0.3051523 
MO NH 0.00041 0 0.04413 0 1 1.681e-07 0.9136875 0 0.3045625 
MS NH 0.00018 0 0.04413 0 1 3.24e-08 0.9136875 0 0.3045625 
NC NH 0.66762 0.1307988 0.04413 0 1 0.4457165 0.9136875 3.331774e-05 0.4531457 
NM NH 0.98986 0.9090292 0.04413 1 1 0.0001028196 0.9136875 0.00160925 0.3051332 
NV NH 0.65239 0.127857 0.04413 1 1 0.1208327 0.9136875 3.183587e-05 0.3448507 
OH NH 0.28371 0.009504413 0.04413 0 1 0.08049136 0.9136875 1.759213e-07 0.331393 
PA NH 0.94274 0.620955 0.04413 0 1 0.8887587 0.9136875 0.0007509103 0.6010657 
SC NH 0.01254 0 0.04413 0 1 0.0001572516 0.9136875 0 0.3046149 
TX NH 0.00036 0 0.04413 0 1 1.296e-07 0.9136875 0 0.3045625 
VA NH 0.99047 0.8949989 0.04413 1 1 9.08209e-05 0.9136875 0.001559958 0.3051127 
WI NH 0.97102 0.7752885 0.04413 0 1 0.9428798 0.9136875 0.001170562 0.619246 
AZ NM 0.10006 0.0005202914 0.01017 0 1 0.010012 0.9797634 2.799852e-11 0.3299251 
CO NM 0.95616 0.5686785 0.01017 1 1 0.001921946 0.9797634 3.344841e-05 0.3272396 
FL NM 0.71748 0.1019771 0.01017 0 1 0.5147776 0.9797634 1.075591e-06 0.4981807 
GA NM 0.05831 0 0.01017 0 1 0.003400056 0.9797634 0 0.3277212 
IA NM 0.04258 0 0.01017 0 1 0.001813056 0.9797634 0 0.3271922 
ME NM 0.99541 0.9235172 0.01017 1 1 2.10681e-05 0.9797634 8.821285e-05 0.3266242 
MI NM 0.92156 0.4308012 0.01017 0 1 0.8492728 0.9797634 1.919534e-05 0.6096852 
MN NM 0.99431 0.9027055 0.01017 1 1 3.23761e-05 0.9797634 8.428186e-05 0.3266267 
MO NM 0.00032 0 0.01017 0 1 1.024e-07 0.9797634 0 0.3265878 
MS NM 0.00027 0 0.01017 0 1 7.29e-08 0.9797634 0 0.3265878 
NC NM 0.66718 0.103538 0.01017 0 1 0.4451292 0.9797634 1.10877e-06 0.4749646 
NH NM 0.95576 0.5754422 0.01017 1 1 0.001957178 0.9797634 3.42488e-05 0.3272516 
NV NM 0.65036 0.08636837 0.01017 1 1 0.1222481 0.9797634 7.715273e-07 0.3673374 
OH NM 0.28078 0.006243496 0.01017 0 1 0.07883741 0.9797634 4.031787e-09 0.3528669 
PA NM 0.9419 0.4901145 0.01017 0 1 0.8871756 0.9797634 2.484488e-05 0.6223213 
SC NM 0.01215 0 0.01017 0 1 0.0001476225 0.9797634 0 0.326637 
TX NM 0.00039 0 0.01017 0 1 1.521e-07 0.9797634 0 0.3265879 
VA NM 0.99 0.8366285 0.01017 1 1 1e-04 0.9797634 7.239478e-05 0.3266453 
WI NM 0.97142 0.6763788 0.01017 0 1 0.9436568 0.9797634 4.731751e-05 0.6411559 
AZ NV 0.09875 0.01102394 0.34789 0 1 0.009751563 0.4252475 1.470813e-05 0.1450046 
CO NV 0.95708 0.8899324 0.34789 1 1 0.001842126 0.4252475 0.09585129 0.1743136 
FL NV 0.722 0.473113 0.34789 0 1 0.521284 0.4252475 0.0270903 0.3245406 
GA NV 0.05864 0.004867713 0.34789 0 1 0.00343865 0.4252475 2.8677e-06 0.1428963 
IA NV 0.04337 0.003665101 0.34789 0 1 0.001880957 0.4252475 1.625758e-06 0.1423767 
ME NV 0.99565 0.9886611 0.34789 1 1 1.89225e-05 0.4252475 0.1182984 0.1811882 
MI NV 0.92073 0.8203528 0.34789 0 1 0.8477437 0.4252475 0.08144889 0.45148 
MN NV 0.9943 0.9859695 0.34789 1 1 3.249e-05 0.4252475 0.1176551 0.1809784 
MO NV 0.00028 0 0.34789 0 1 7.84e-08 0.4252475 0 0.1417492 
MS NV 0.00012 0 0.34789 0 1 1.44e-08 0.4252475 0 0.1417492 
NC NV 0.66748 0.3936262 0.34789 0 1 0.4455296 0.4252475 0.01875218 0.2965097 
NH NV 0.95628 0.8893884 0.34789 1 1 0.001911438 0.4252475 0.09573413 0.1742977 
NM NV 0.99048 0.9738575 0.34789 1 1 9.06304e-05 0.4252475 0.1147823 0.1800401 
OH NV 0.28446 0.07166991 0.34789 0 1 0.08091749 0.4252475 0.0006216667 0.1689289 
PA NV 0.94286 0.8575478 0.34789 0 1 0.888985 0.4252475 0.08900217 0.4677449 
SC NV 0.01207 0.0002577024 0.34789 0 1 0.0001456849 0.4252475 8.037499e-09 0.1417977 
TX NV 0.00032 0 0.34789 0 1 1.024e-07 0.4252475 0 0.1417492 
VA NV 0.99042 0.9742584 0.34789 1 1 9.17764e-05 0.4252475 0.1148768 0.180072 
WI NV 0.97193 0.9272706 0.34789 0 1 0.9446479 0.4252475 0.1040631 0.4913195 
AZ OH 0.10152 0.03652739 0.7155 0 0 0.01030631 0.5119402 0.0006830563 0.1743099 
CO OH 0.95642 0.9395067 0.7155 1 0 0.001899216 0.08094025 0.1074416 0.06342704 
FL OH 0.71913 0.6294561 0.7155 0 0 0.517148 0.5119402 0.2028384 0.4106422 
GA OH 0.0571 0.01699499 0.7155 0 0 0.00326041 0.5119402 0.0001478636 0.1717828 
IA OH 0.0434 0.01003806 0.7155 0 0 0.00188356 0.5119402 5.158447e-05 0.1712918 
ME OH 0.99575 0.9938517 0.7155 1 0 1.80625e-05 0.08094025 0.0834627 0.054807 
MI OH 0.9206 0.8935547 0.7155 0 0 0.8475044 0.5119402 0.4087536 0.5893994 
MN OH 0.99449 0.9928758 0.7155 1 0 3.03601e-05 0.08094025 0.08386665 0.05494575 
MO OH 0.00023 1.394175e-05 0.7155 0 0 5.29e-08 0.5119402 9.950707e-11 0.1706468 
MS OH 0.00018 0 0.7155 0 0 3.24e-08 0.5119402 0 0.1706468 
NC OH 0.6651 0.5648361 0.7155 0 0 0.442358 0.5119402 0.1633293 0.3725425 
NH OH 0.95669 0.940413 0.7155 1 0 0.001875756 0.08094025 0.107017 0.06327767 
NM OH 0.99008 0.9864207 0.7155 1 0 9.84064e-05 0.08094025 0.08656303 0.05586723 
NV OH 0.65153 0.5481478 0.7155 1 0 0.1214313 0.08094025 0.3694211 0.1905976 
PA OH 0.94121 0.9198628 0.7155 0 0 0.8858763 0.5119402 0.433177 0.6103312 
SC OH 0.01202 0.002077321 0.7155 0 0 0.0001444804 0.5119402 2.209156e-06 0.1706956 
TX OH 0.00031 2.78835e-05 0.7155 0 0 9.61e-08 0.5119402 3.980283e-10 0.1706468 
VA OH 0.99067 0.9858631 0.7155 1 0 8.70489e-05 0.08094025 0.08679799 0.05594176 
WI OH 0.97181 0.9604751 0.7155 0 0 0.9444147 0.5119402 0.4722713 0.6428754 
AZ PA 0.09973 0.0006829435 0.0575 0 0 0.009946073 0.00330625 1.542074e-09 0.004417441 
CO PA 0.95758 0.7017244 0.0575 1 0 0.001799456 0.8883062 0.9209297 0.6036785 
FL PA 0.71966 0.1920779 0.0575 0 0 0.5179105 0.00330625 0.0001219805 0.1737796 
GA PA 0.05771 0.0001707359 0.0575 0 0 0.003330444 0.00330625 9.637963e-11 0.002212231 
IA PA 0.04328 0 0.0575 0 0 0.001873158 0.00330625 0 0.001726469 
ME PA 0.99551 0.9571453 0.0575 1 0 2.01601e-05 0.8883062 0.8929572 0.5937612 
MI PA 0.92048 0.5840874 0.0575 0 0 0.8472834 0.00330625 0.001127954 0.2839059 
MN PA 0.99463 0.9469011 0.0575 1 0 2.88369e-05 0.8883062 0.8940708 0.5941353 
MO PA 0.00029 0 0.0575 0 0 8.41e-08 0.00330625 0 0.001102111 
MS PA 2e-04 0 0.0575 0 0 4e-08 0.00330625 0 0.001102097 
NC PA 0.66781 0.1492232 0.0575 0 0 0.4459702 0.00330625 7.362208e-05 0.1497834 
NH PA 0.95553 0.707188 0.0575 1 0 0.001977581 0.8883062 0.9203269 0.6035369 
NM PA 0.98962 0.9107051 0.0575 1 0 0.0001077444 0.8883062 0.8980111 0.595475 
NV PA 0.65169 0.1398327 0.0575 1 0 0.1213199 0.8883062 0.9839839 0.6645367 
OH PA 0.28309 0.01024415 0.0575 0 0 0.08013995 0.00330625 3.469667e-07 0.02781552 
SC PA 0.01174 0 0.0575 0 0 0.0001378276 0.00330625 0 0.001148026 
TX PA 0.00025 0 0.0575 0 0 6.25e-08 0.00330625 0 0.001102104 
VA PA 0.99037 0.9035342 0.0575 1 0 9.27369e-05 0.8883062 0.8987927 0.5957306 
WI PA 0.9716 0.7775312 0.0575 0 0 0.9440066 0.00330625 0.001998809 0.3164372 
AZ SC 0.10011 0.09345539 0.98737 0 0 0.01002201 0.9748995 0.008514684 0.3311454 
CO SC 0.95678 0.9561735 0.98737 1 0 0.001867968 0.0001595169 0.003125144 0.001717543 
FL SC 0.71828 0.7158972 0.98737 0 0 0.5159262 0.9748995 0.4996446 0.6634901 
GA SC 0.05838 0.05286928 0.98737 0 0 0.003408224 0.9748995 0.002725001 0.3270109 
IA SC 0.04241 0.03877351 0.98737 0 0 0.001798608 0.9748995 0.001465649 0.3260546 
ME SC 0.99585 0.9958584 0.98737 1 0 1.72225e-05 0.0001595169 0.0002795362 0.0001520919 
MI SC 0.92085 0.9208834 0.98737 0 0 0.8479647 0.9748995 0.8267404 0.8832015 
MN SC 0.99475 0.9947343 0.98737 1 0 2.75625e-05 0.0001595169 0.0003178789 0.0001683194 
MO SC 0.00021 9.113647e-05 0.98737 0 0 4.41e-08 0.9748995 8.097375e-09 0.3249665 
MS SC 2e-04 6.075765e-05 0.98737 0 0 4e-08 0.9748995 3.598834e-09 0.3249665 
NC SC 0.66847 0.6641013 0.98737 0 0 0.4468521 0.9748995 0.4299605 0.6172374 
NH SC 0.95536 0.9549077 0.98737 1 0 0.00199273 0.0001595169 0.003266441 0.001806229 
NM SC 0.98999 0.9893674 0.98737 1 0 0.0001002001 0.0001595169 0.0005349182 0.0002648784 
NV SC 0.65225 0.6458842 0.98737 1 0 0.1209301 0.0001595169 0.131242 0.08411052 
OH SC 0.28522 0.2769232 0.98737 0 0 0.08135045 0.9748995 0.07476161 0.3770039 
PA SC 0.94232 0.9421688 0.98737 0 0 0.887967 0.9748995 0.8654009 0.9094225 
TX SC 0.00033 0.0001822729 0.98737 0 0 1.089e-07 0.9748995 3.23895e-08 0.3249666 
VA SC 0.99035 0.9906636 0.98737 1 0 9.31225e-05 0.0001595169 0.0004773572 0.0002433322 
WI SC 0.97133 0.9716768 0.98737 0 0 0.943482 0.9748995 0.9204571 0.9462795 
AZ TX 0.10057 0.09980793 0.99964 0 0 0.01011432 0.9992801 0.009954451 0.339783 
CO TX 0.95668 0.9571137 0.99964 1 0 0.001876622 1.296e-07 0.001868907 0.001248553 
FL TX 0.71877 0.7206138 0.99964 0 0 0.5166303 0.9992801 0.5189105 0.6782736 
GA TX 0.05751 0.05792201 0.99964 0 0 0.0033074 0.9992801 0.003352544 0.3353134 
IA TX 0.04352 0.04253616 0.99964 0 0 0.00189399 0.9992801 0.001808023 0.3343274 
ME TX 0.99541 0.9957184 0.99964 1 0 2.10681e-05 1.296e-07 2.153039e-05 1.42427e-05 
MI TX 0.921 0.9232708 0.99964 0 0 0.848241 0.9992801 0.8518154 0.8997788 
MN TX 0.99461 0.994738 0.99964 1 0 2.90521e-05 1.296e-07 3.158558e-05 2.025576e-05 
MO TX 2e-04 0.0002901102 0.99964 0 0 4e-08 0.9992801 8.410337e-08 0.3330934 
MS TX 0.00025 0.0001900722 0.99964 0 0 6.25e-08 0.9992801 3.610144e-08 0.3330934 
NC TX 0.66936 0.6688342 0.99964 0 0 0.4480428 0.9992801 0.4470171 0.6314467 
NH TX 0.95641 0.9561633 0.99964 1 0 0.001900088 1.296e-07 0.00195195 0.001284056 
NM TX 0.98992 0.9903964 0.99964 1 0 0.0001016064 1.296e-07 9.920543e-05 6.698048e-05 
NV TX 0.65358 0.6512975 0.99964 1 0 0.1200068 1.296e-07 0.121757 0.08058799 
OH TX 0.28518 0.2859287 0.99964 0 0 0.08132763 0.9992801 0.08169634 0.3874347 
PA TX 0.94311 0.9435185 0.99964 0 0 0.8894565 0.9992801 0.8895864 0.9261077 
SC TX 0.01293 0.01228467 0.99964 0 0 0.0001671849 0.9992801 0.0001508044 0.3331994 
VA TX 0.9908 0.9904364 0.99964 1 0 8.464e-05 1.296e-07 9.841019e-05 6.105993e-05 
WI TX 0.9719 0.971139 0.99964 0 0 0.9445896 0.9992801 0.9424321 0.9621006 
AZ VA 0.09812 0 0.01039 0 1 0.009627534 0.979328 0 0.3296518 
CO VA 0.95499 0.5172764 0.01039 1 1 0.0020259 0.979328 2.888527e-05 0.3271276 
FL VA 0.71696 0.07825203 0.01039 0 1 0.5140316 0.979328 6.610318e-07 0.4977868 
GA VA 0.05673 0 0.01039 0 1 0.003218293 0.979328 0 0.3275154 
IA VA 0.04252 0 0.01039 0 1 0.00180795 0.979328 0 0.3270453 
ME VA 0.99581 0.9095528 0.01039 1 1 1.75561e-05 0.979328 8.93073e-05 0.3264783 
MI VA 0.91926 0.3694106 0.01039 0 1 0.8450389 0.979328 1.473159e-05 0.6081272 
MN VA 0.9944 0.8780488 0.01039 1 1 3.136e-05 0.979328 8.322779e-05 0.3264808 
MO VA 0.00031 0 0.01039 0 1 9.61e-08 0.979328 0 0.3264427 
MS VA 0.00016 0 0.01039 0 1 2.56e-08 0.979328 0 0.3264427 
NC VA 0.66612 0.05182927 0.01039 0 1 0.4437159 0.979328 2.899888e-07 0.474348 
NH VA 0.95549 0.550813 0.01039 1 1 0.00198114 0.979328 3.275212e-05 0.3271139 
NM VA 0.99 0.8145325 0.01039 1 1 1e-04 0.979328 7.162225e-05 0.3264999 
NV VA 0.64672 0.06097561 0.01039 1 1 0.1248068 0.979328 4.013686e-07 0.368045 
OH VA 0.28299 0.00152439 0.01039 0 1 0.08008334 0.979328 2.508554e-10 0.3531371 
PA VA 0.94075 0.4171748 0.01039 0 1 0.8850106 0.979328 1.878742e-05 0.6214524 
SC VA 0.01191 0 0.01039 0 1 0.0001418481 0.979328 0 0.3264899 
TX VA 0.00039 0 0.01039 0 1 1.521e-07 0.979328 0 0.3264427 
WI VA 0.97057 0.5995935 0.01039 0 1 0.9420061 0.979328 3.881011e-05 0.6404576 
AZ WI 0.09995 0.0006966214 0.02861 0 0 0.009990002 0.0008185321 3.972184e-10 0.003602845 
CO WI 0.95726 0.6544758 0.02861 1 0 0.001826708 0.9435985 0.9629015 0.6361089 
FL WI 0.72156 0.1459422 0.02861 0 0 0.5206488 0.0008185321 1.743401e-05 0.1738283 
GA WI 0.05733 0.0003483107 0.02861 0 0 0.003286729 0.0008185321 9.930459e-11 0.00136842 
IA WI 0.0422 0 0.02861 0 0 0.00178084 0.0008185321 0 0.0008664574 
ME WI 0.99583 0.9359108 0.02861 1 0 1.73889e-05 0.9435985 0.9471642 0.63026 
MI WI 0.92312 0.517938 0.02861 0 0 0.8521505 0.0008185321 0.0002195792 0.2843962 
MN WI 0.99479 0.933821 0.02861 1 0 2.71441e-05 0.9435985 0.9472805 0.6303021 
MO WI 0.00025 0 0.02861 0 0 6.25e-08 0.0008185321 0 0.0002728649 
MS WI 0.00017 0 0.02861 0 0 2.89e-08 0.0008185321 0 0.0002728537 
NC WI 0.66942 0.1219087 0.02861 0 0 0.4481231 0.0008185321 1.216481e-05 0.1496513 
NH WI 0.95662 0.6603971 0.02861 1 0 0.001881824 0.9435985 0.9625691 0.6360165 
NM WI 0.9897 0.8888889 0.02861 1 0 0.00010609 0.9435985 0.9497845 0.631163 
NV WI 0.65301 0.1187739 0.02861 1 0 0.1204021 0.9435985 0.9932153 0.6857386 
OH WI 0.28446 0.00487635 0.02861 0 0 0.08091749 0.0008185321 1.94637e-08 0.02724535 
PA WI 0.94307 0.5670498 0.02861 0 0 0.889381 0.0008185321 0.0002631953 0.2968209 
SC WI 0.01265 0 0.02861 0 0 0.0001600225 0.0008185321 0 0.0003261849 
TX WI 2e-04 0 0.02861 0 0 4e-08 0.0008185321 0 0.0002728574 
VA WI 0.9909 0.8676419 0.02861 1 0 8.281e-05 0.9435985 0.9509697 0.6315504 
AZ ME2 0.09959 0.01320398 0.24551 0 0 0.009918168 0.06027516 1.050867e-05 0.02340128 
CO ME2 0.9567 0.8801175 0.24551 1 0 0.00187489 0.5692552 0.6145342 0.3952214 
FL ME2 0.71944 0.4701502 0.24551 0 0 0.5175939 0.06027516 0.01332329 0.1970641 
GA ME2 0.05755 0.005032004 0.24551 0 0 0.003312002 0.06027516 1.526231e-06 0.02119623 
IA ME2 0.04209 0.003663299 0.24551 0 0 0.001771568 0.06027516 8.08878e-07 0.02068251 
ME ME2 0.99554 0.9824484 0.24551 1 0 1.98916e-05 0.5692552 0.5757761 0.3816837 
MI ME2 0.92021 0.8035506 0.24551 0 0 0.8467864 0.06027516 0.03891928 0.315327 
MN ME2 0.99481 0.9822471 0.24551 1 0 2.69361e-05 0.5692552 0.5758511 0.3817111 
MO ME2 0.00026 0 0.24551 0 0 6.76e-08 0.06027516 0 0.02009174 
MS ME2 0.00016 0 0.24551 0 0 2.56e-08 0.06027516 0 0.02009173 
NC ME2 0.6658 0.3982931 0.24551 0 0 0.4432896 0.06027516 0.009561896 0.1710422 
NH ME2 0.95595 0.8805201 0.24551 1 0 0.001940403 0.5692552 0.6143793 0.3951916 
NM ME2 0.99008 0.9677147 0.24551 1 0 9.84064e-05 0.5692552 0.5812787 0.3835441 
NV ME2 0.65192 0.3937442 0.24551 1 0 0.1211597 0.5692552 0.8160084 0.5021411 
OH ME2 0.28345 0.07902258 0.24551 0 0 0.0803439 0.06027516 0.0003763924 0.04699848 
PA ME2 0.94182 0.8424782 0.24551 0 0 0.8870249 0.06027516 0.04278147 0.3300272 
SC ME2 0.01191 0.0006038404 0.24551 0 0 0.0001418481 0.06027516 2.197773e-08 0.02013901 
TX ME2 2e-04 0 0.24551 0 0 4e-08 0.06027516 0 0.02009173 
VA ME2 0.99013 0.9707741 0.24551 1 0 9.74169e-05 0.5692552 0.5801339 0.3831622 
WI ME2 0.97162 0.9172336 0.24551 0 0 0.9440454 0.06027516 0.05071055 0.351677 
AZ NE2 0.09916 0.08103422 0.92151 0 0 0.009832706 0.8491807 0.005576183 0.2881965 
CO NE2 0.95681 0.9522876 0.92151 1 0 0.001865376 0.00616068 0.01499584 0.007673965 
FL NE2 0.72233 0.7014694 0.92151 0 0 0.5217606 0.8491807 0.4178473 0.5962629 
GA NE2 0.05776 0.04302031 0.92151 0 0 0.003336218 0.8491807 0.001571618 0.2846962 
IA NE2 0.04281 0.02999502 0.92151 0 0 0.001832696 0.8491807 0.0007640087 0.2839258 
ME NE2 0.99581 0.9950153 0.92151 1 0 1.75561e-05 0.00616068 0.006902863 0.004360366 
MI NE2 0.9219 0.9148263 0.92151 0 0 0.8498996 0.8491807 0.7106854 0.8032552 
MN NE2 0.99469 0.9941917 0.92151 1 0 2.81961e-05 0.00616068 0.007029547 0.004406141 
MO NE2 0.00036 4.33454e-05 0.92151 0 0 1.296e-07 0.8491807 1.595461e-09 0.2830603 
MS NE2 0.00017 5.418175e-05 0.92151 0 0 2.89e-08 0.8491807 2.492907e-09 0.2830602 
NC NE2 0.66898 0.6447411 0.92151 0 0 0.4475342 0.8491807 0.3529969 0.5499039 
NH NE2 0.95626 0.9517024 0.92151 1 0 0.001913188 0.00616068 0.0151282 0.007734021 
NM NE2 0.99047 0.9893804 0.92151 1 0 9.08209e-05 0.00616068 0.007792668 0.00468139 
NV NE2 0.65208 0.6288442 0.92151 1 0 0.1210483 0.00616068 0.1768318 0.101347 
OH NE2 0.28326 0.2552069 0.92151 0 0 0.08023623 0.8491807 0.0553076 0.3282415 
PA NE2 0.94264 0.937626 0.92151 0 0 0.8885702 0.8491807 0.7465508 0.8281005 
SC NE2 0.01246 0.008138098 0.92151 0 0 0.0001552516 0.8491807 5.624009e-05 0.2831307 
TX NE2 0.00027 0.000216727 0.92151 0 0 7.29e-08 0.8491807 3.988652e-08 0.2830603 
VA NE2 0.99012 0.9892612 0.92151 1 0 9.76144e-05 0.00616068 0.007812073 0.004690123 
WI NE2 0.97207 0.9684554 0.92151 0 0 0.9449201 0.8491807 0.7964515 0.8635174 
The average brier score with the third way of testing it is(CT) 0.3117324