State1: State2: Win Prob(State1): Conditional Prob(State1): Win Prob(State2): Outcome1: Outcome2: Brier Score(State1): Brier Score(State2): Brier Score(Conditional): Brier Score(Average)
CO AZ 0.95698 0.9995021 0.10098 1 0 0.00185072 0.01019696 0.01018681 0.007411497 
FL AZ 0.71887 0.9804839 0.10098 0 0 0.5167741 0.01019696 0.009802835 0.1789246 
GA AZ 0.0582 0.2649607 0.10098 0 0 0.00338724 0.01019696 0.000715869 0.00476669 
IA AZ 0.04355 0.2060141 0.10098 0 0 0.001896602 0.01019696 0.0004327776 0.004175447 
ME AZ 0.99553 1 0.10098 1 0 1.99809e-05 0.01019696 0.01019696 0.006804634 
MI AZ 0.92069 0.9984069 0.10098 0 0 0.8476701 0.01019696 0.0101645 0.2893438 
MN AZ 0.99512 1 0.10098 1 0 2.38144e-05 0.01019696 0.01019696 0.006805912 
MO AZ 0.00027 0.002190581 0.10098 0 0 7.29e-08 0.01019696 4.893157e-08 0.003399027 
MS AZ 0.00012 0.001692721 0.10098 0 0 1.44e-08 0.01019696 2.921741e-08 0.003399001 
NC AZ 0.66694 0.968834 0.10098 0 0 0.444809 0.01019696 0.009571268 0.1548591 
NH AZ 0.95648 0.9998009 0.10098 1 0 0.00189399 0.01019696 0.0101929 0.00742795 
NM AZ 0.99072 1 0.10098 1 0 8.61184e-05 0.01019696 0.01019696 0.00682668 
NV AZ 0.65329 0.9665439 0.10098 1 0 0.1202078 0.01019696 0.009526072 0.04664362 
OH AZ 0.28472 0.7254804 0.10098 0 0 0.08106548 0.01019696 0.005366883 0.03220977 
PA AZ 0.94487 0.9997013 0.10098 0 0 0.8927793 0.01019696 0.01019087 0.304389 
SC AZ 0.01268 0.07627203 0.10098 0 0 0.0001607824 0.01019696 5.932003e-05 0.003472354 
TX AZ 0.00035 0.002588868 0.10098 0 0 1.225e-07 0.01019696 6.834244e-08 0.00339905 
VA AZ 0.99072 1 0.10098 1 0 8.61184e-05 0.01019696 0.01019696 0.00682668 
WI AZ 0.97124 0.9999004 0.10098 0 0 0.9433071 0.01019696 0.01019493 0.321233 
AZ CO 0.10073 0.1060092 0.95703 0 1 0.01014653 0.001846421 0.01029292 0.007428625 
FL CO 0.72212 0.7450987 0.95703 0 1 0.5214573 0.001846421 0.5084856 0.3439298 
GA CO 0.05712 0.06103404 0.95703 0 1 0.003262694 0.001846421 0.003411893 0.002840336 
IA CO 0.04282 0.04559245 0.95703 0 1 0.001833552 0.001846421 0.001903869 0.001861281 
ME CO 0.99539 0.9975206 0.95703 1 1 2.12521e-05 0.001846421 0.002055979 0.001307884 
MI CO 0.92046 0.9387776 0.95703 0 1 0.8472466 0.001846421 0.8071915 0.5520948 
MN CO 0.99483 0.997123 0.95703 1 1 2.67289e-05 0.001846421 0.002090626 0.001321259 
MO CO 0.00028 0.0003243153 0.95703 0 1 7.84e-08 0.001846421 9.63354e-08 0.0006155319 
MS CO 0.00016 0.0001360032 0.95703 0 1 2.56e-08 0.001846421 1.69414e-08 0.0006154878 
NC CO 0.66666 0.6930408 0.95703 0 1 0.4444356 0.001846421 0.439915 0.295399 
NH CO 0.95541 0.968374 0.95703 1 1 0.001988268 0.001846421 0.005363659 0.003066116 
NM CO 0.98996 0.9937439 0.95703 1 1 0.0001008016 0.001846421 0.002396819 0.001448014 
NV CO 0.6516 0.676166 0.95703 1 1 0.1213826 0.001846421 0.1245306 0.08258652 
OH CO 0.28539 0.2973553 0.95703 0 1 0.08144745 0.001846421 0.08098458 0.05475949 
PA CO 0.94155 0.9579332 0.95703 0 1 0.8865164 0.001846421 0.8404687 0.5762772 
SC CO 0.01242 0.01283661 0.95703 0 1 0.0001542564 0.001846421 0.0001509217 0.0007171997 
TX CO 0.00038 0.0004498567 0.95703 0 1 1.444e-07 0.001846421 1.853529e-07 0.0006155836 
VA CO 0.9907 0.9947586 0.95703 1 1 8.649e-05 0.001846421 0.002302669 0.00141186 
WI CO 0.97108 0.980698 0.95703 0 1 0.9429964 0.001846421 0.88089 0.6085776 
AZ FL 0.101 0.1357879 0.72028 0 0 0.010201 0.5188033 0.00956588 0.1795234 
CO FL 0.95653 0.9896924 0.72028 1 0 0.001889641 0.5188033 0.5081632 0.342952 
GA FL 0.05757 0.07836799 0.72028 0 0 0.003314305 0.5188033 0.003186252 0.1751013 
IA FL 0.04349 0.05980606 0.72028 0 0 0.00189138 0.5188033 0.001855637 0.1741834 
ME FL 0.99586 0.999459 0.72028 1 0 1.71396e-05 0.5188033 0.518242 0.3456875 
MI FL 0.92005 0.9731559 0.72028 0 0 0.846492 0.5188033 0.4913236 0.6188729 
MN FL 0.99489 0.9995699 0.72028 1 0 2.61121e-05 0.5188033 0.5183571 0.3457288 
MO FL 0.00029 0.0003884411 0.72028 0 0 8.41e-08 0.5188033 7.828041e-08 0.1729345 
MS FL 0.00018 0.0001803477 0.72028 0 0 3.24e-08 0.5188033 1.687422e-08 0.1729344 
NC FL 0.66549 0.7966095 0.72028 0 0 0.4428769 0.5188033 0.3292256 0.4303019 
NH FL 0.95631 0.988208 0.72028 1 0 0.001908816 0.5188033 0.50664 0.3424507 
NM FL 0.98949 0.9986821 0.72028 1 0 0.0001104601 0.5188033 0.5174367 0.3454501 
NV FL 0.65231 0.7717215 0.72028 1 0 0.1208883 0.5188033 0.3089754 0.3162223 
OH FL 0.28372 0.3728202 0.72028 0 0 0.08049704 0.5188033 0.07211102 0.2238038 
PA FL 0.94382 0.9844069 0.72028 0 0 0.8907962 0.5188033 0.5027499 0.6374498 
SC FL 0.01205 0.01688332 0.72028 0 0 0.0001452025 0.5188033 0.000147883 0.1730321 
TX FL 0.00033 0.0004578056 0.72028 0 0 1.089e-07 0.5188033 1.087339e-07 0.1729345 
VA FL 0.99073 0.9989873 0.72028 1 0 8.59329e-05 0.5188033 0.517753 0.3455474 
WI FL 0.97088 0.9939098 0.72028 0 0 0.942608 0.5188033 0.5125033 0.6579715 
AZ GA 0.10005 0.4541096 0.05755 0 0 0.01001 0.003312002 0.0006829863 0.00466833 
CO GA 0.95655 0.9998288 0.05755 1 0 0.001887902 0.003312002 0.003310868 0.002836924 
FL GA 0.71971 0.9859589 0.05755 0 0 0.5179825 0.003312002 0.003219647 0.174838 
IA GA 0.04285 0.2631849 0.05755 0 0 0.001836122 0.003312002 0.0002294102 0.001792512 
ME GA 0.99547 0.9998288 0.05755 1 0 2.05209e-05 0.003312002 0.003310868 0.002214464 
MI GA 0.92315 0.9991438 0.05755 0 0 0.8522059 0.003312002 0.003306334 0.2862748 
MN GA 0.99464 1 0.05755 1 0 2.87296e-05 0.003312002 0.003312002 0.002217578 
MO GA 0.00019 0.003253425 0.05755 0 0 3.61e-08 0.003312002 3.505679e-08 0.001104025 
MS GA 0.00019 0.001883562 0.05755 0 0 3.61e-08 0.003312002 1.175034e-08 0.001104017 
NC GA 0.67057 0.9818493 0.05755 0 0 0.4496641 0.003312002 0.003192863 0.1520563 
NH GA 0.95636 1 0.05755 1 0 0.00190445 0.003312002 0.003312002 0.002842818 
NM GA 0.9896 1 0.05755 1 0 0.00010816 0.003312002 0.003312002 0.002244055 
NV GA 0.65131 0.9688356 0.05755 1 0 0.1215847 0.003312002 0.003108786 0.0426685 
OH GA 0.28146 0.7732877 0.05755 0 0 0.07921973 0.003312002 0.001980491 0.02817074 
PA GA 0.94267 0.9996575 0.05755 0 0 0.8886267 0.003312002 0.003309734 0.2984162 
SC GA 0.01271 0.0989726 0.05755 0 0 0.0001615441 0.003312002 3.244297e-05 0.001168663 
TX GA 0.00032 0.004280822 0.05755 0 0 1.024e-07 0.003312002 6.069389e-08 0.001104055 
VA GA 0.9897 1 0.05755 1 0 0.00010609 0.003312002 0.003312002 0.002243365 
WI GA 0.97118 1 0.05755 0 0 0.9431906 0.003312002 0.003312002 0.3166049 
AZ IA 0.10134 0.4761239 0.04295 0 0 0.0102698 0.001844703 0.000418183 0.00417756 
CO IA 0.95613 1 0.04295 1 0 0.001924577 0.001844703 0.001844703 0.001871327 
FL IA 0.71865 0.988819 0.04295 0 0 0.5164578 0.001844703 0.001803682 0.1733687 
GA IA 0.05752 0.3414861 0.04295 0 0 0.00330855 0.001844703 0.0002151159 0.001789456 
ME IA 0.9955 1 0.04295 1 0 2.025e-05 0.001844703 0.001844703 0.001236552 
MI IA 0.92243 0.9995341 0.04295 0 0 0.8508771 0.001844703 0.001842984 0.2848549 
MN IA 0.99484 1 0.04295 1 0 2.66256e-05 0.001844703 0.001844703 0.001238677 
MO IA 0.00026 0.00349406 0.04295 0 0 6.76e-08 0.001844703 2.252097e-08 0.0006149309 
MS IA 0.00015 0.003959935 0.04295 0 0 2.25e-08 0.001844703 2.892693e-08 0.000614918 
NC IA 0.66761 0.9829956 0.04295 0 0 0.4457031 0.001844703 0.0017825 0.1497768 
NH IA 0.95573 1 0.04295 1 0 0.001959833 0.001844703 0.001844703 0.001883079 
NM IA 0.98995 1 0.04295 1 0 0.0001010025 0.001844703 0.001844703 0.001263469 
NV IA 0.65232 0.9755416 0.04295 1 0 0.1208814 0.001844703 0.001755569 0.04149388 
OH IA 0.28533 0.8269276 0.04295 0 0 0.08141321 0.001844703 0.001261425 0.02817311 
PA IA 0.94275 0.9997671 0.04295 0 0 0.8887776 0.001844703 0.001843843 0.2974887 
SC IA 0.01274 0.1164687 0.04295 0 0 0.0001623076 0.001844703 2.50233e-05 0.0006773445 
TX IA 0.00042 0.005590496 0.04295 0 0 1.764e-07 0.001844703 5.765368e-08 0.0006149789 
VA IA 0.99035 1 0.04295 1 0 9.31225e-05 0.001844703 0.001844703 0.001260843 
WI IA 0.97205 1 0.04295 0 0 0.9448812 0.001844703 0.001844703 0.3161902 
AZ ME 0.10236 0.1013388 0.99535 0 1 0.01047757 2.16225e-05 0.01017427 0.006891153 
CO ME 0.9561 0.9570842 0.99535 1 1 0.00192721 2.16225e-05 0.002243563 0.001397465 
FL ME 0.71795 0.721012 0.99535 0 1 0.5154522 2.16225e-05 0.5150348 0.3435029 
GA ME 0.05801 0.05707714 0.99535 0 1 0.00336516 2.16225e-05 0.003227573 0.002204785 
IA ME 0.04326 0.04347826 0.99535 0 1 0.001871428 2.16225e-05 0.00187282 0.00125529 
MI ME 0.92009 0.9230769 0.99535 0 1 0.8465656 2.16225e-05 0.8441652 0.5635841 
MN ME 0.99458 0.9954603 0.99535 1 1 2.93764e-05 2.16225e-05 8.406226e-05 4.502039e-05 
MO ME 0.00028 0.0002109133 0.99535 0 1 7.84e-08 2.16225e-05 4.407166e-08 7.248324e-06 
MS ME 0.00017 0.0002008698 0.99535 0 1 2.89e-08 2.16225e-05 3.997429e-08 7.230458e-06 
NC ME 0.66696 0.6695291 0.99535 0 1 0.4448356 2.16225e-05 0.44411 0.2963224 
NH ME 0.9559 0.9578977 0.99535 1 1 0.00194481 2.16225e-05 0.00216751 0.001377981 
NM ME 0.99003 0.9911919 0.99535 1 1 9.94009e-05 2.16225e-05 0.0001800208 0.0001003481 
NV ME 0.65296 0.6513704 0.99535 1 1 0.1204368 2.16225e-05 0.1236637 0.08137401 
OH ME 0.28281 0.2845722 0.99535 0 1 0.0799815 2.16225e-05 0.08022996 0.05341103 
PA ME 0.94337 0.945042 0.99535 0 1 0.889947 2.16225e-05 0.8848179 0.5915955 
SC ME 0.01256 0.01219279 0.99535 0 1 0.0001577536 2.16225e-05 0.0001472849 0.000108887 
TX ME 0.00022 0.000391696 0.99535 0 1 4.84e-08 2.16225e-05 1.520022e-07 7.274301e-06 
VA ME 0.99059 0.9910312 0.99535 1 1 8.85481e-05 2.16225e-05 0.0001843385 9.816969e-05 
WI ME 0.97098 0.9726215 0.99535 0 1 0.9428022 2.16225e-05 0.9372152 0.6266797 
AZ MI 0.10108 0.1089024 0.92129 0 0 0.01021717 0.8487753 0.01006625 0.2896862 
CO MI 0.95556 0.9727391 0.92129 1 0 0.001974914 0.8487753 0.8031293 0.5512932 
FL MI 0.72021 0.7587341 0.92129 0 0 0.5187024 0.8487753 0.4886208 0.6186995 
GA MI 0.05721 0.06300076 0.92129 0 0 0.003272984 0.8487753 0.00336887 0.285139 
IA MI 0.04402 0.0475627 0.92129 0 0 0.00193776 0.8487753 0.001920108 0.284211 
ME MI 0.99553 0.9982412 0.92129 1 0 1.99809e-05 0.8487753 0.8457923 0.5648625 
MN MI 0.99509 0.9976333 0.92129 1 0 2.41081e-05 0.8487753 0.8447624 0.5645206 
MO MI 0.00026 0.000260558 0.92129 0 0 6.76e-08 0.8487753 5.762377e-08 0.2829251 
MS MI 0.00015 0.0002171317 0.92129 0 0 2.25e-08 0.8487753 4.00165e-08 0.2829251 
NC MI 0.66917 0.7076322 0.92129 0 0 0.4477885 0.8487753 0.4250185 0.5738608 
NH MI 0.95576 0.97237 0.92129 1 0 0.001957178 0.8487753 0.8025199 0.5510841 
NM MI 0.99006 0.9950385 0.92129 1 0 9.88036e-05 0.8487753 0.8403738 0.5630826 
NV MI 0.65148 0.6898491 0.92129 1 0 0.1214662 0.8487753 0.4039252 0.4580555 
OH MI 0.28315 0.3093909 0.92129 0 0 0.08017392 0.8487753 0.08124711 0.3367321 
PA MI 0.94265 0.9627945 0.92129 0 0 0.888589 0.8487753 0.7867919 0.8413854 
SC MI 0.01238 0.01326675 0.92129 0 0 0.0001532644 0.8487753 0.00014939 0.283026 
TX MI 0.00032 0.0003582673 0.92129 0 0 1.024e-07 0.8487753 1.089449e-07 0.2829252 
VA MI 0.99075 0.9956574 0.92129 1 0 8.55625e-05 0.8487753 0.8414194 0.5634268 
WI MI 0.97176 0.9837368 0.92129 0 0 0.9443175 0.8487753 0.8213922 0.871495 
AZ MN 0.10028 0.1020486 0.99463 0 1 0.01005608 2.88369e-05 0.01030237 0.006795763 
CO MN 0.9562 0.9595404 0.99463 1 1 0.00191844 2.88369e-05 0.002080483 0.001342587 
FL MN 0.72109 0.7219899 0.99463 0 1 0.5199708 2.88369e-05 0.515686 0.3452286 
GA MN 0.05691 0.05696508 0.99463 0 1 0.003238748 2.88369e-05 0.003210262 0.002159282 
IA MN 0.04337 0.04327416 0.99463 0 1 0.001880957 2.88369e-05 0.001852595 0.001254129 
ME MN 0.99564 0.9960596 0.99463 1 1 1.90096e-05 2.88369e-05 8.629019e-05 4.471223e-05 
MI MN 0.9214 0.9242677 0.99463 0 1 0.848978 2.88369e-05 0.8451206 0.5647091 
MO MN 0.00023 0.0002211455 0.99463 0 1 5.29e-08 2.88369e-05 4.838151e-08 9.646061e-06 
MS MN 2e-04 0.0001608331 0.99463 0 1 4e-08 2.88369e-05 2.559022e-08 9.634163e-06 
NC MN 0.66755 0.6697292 0.99463 0 1 0.445623 2.88369e-05 0.4437328 0.2964616 
NH MN 0.95603 0.9586257 0.99463 1 1 0.001933361 2.88369e-05 0.002164309 0.001375502 
NM MN 0.9893 0.9906013 0.99463 1 1 0.00011449 2.88369e-05 0.0002166258 0.0001199842 
NV MN 0.6514 0.6538067 0.99463 1 1 0.121522 2.88369e-05 0.122293 0.08128128 
OH MN 0.28293 0.2854788 0.99463 0 1 0.08004938 2.88369e-05 0.08062519 0.05356781 
PA MN 0.94275 0.945568 0.99463 0 1 0.8887776 2.88369e-05 0.8845221 0.5911095 
SC MN 0.01193 0.01281639 0.99463 0 1 0.0001423249 2.88369e-05 0.0001625004 0.0001112207 
TX MN 0.00037 0.0003618745 0.99463 0 1 1.369e-07 2.88369e-05 1.295505e-07 9.701117e-06 
VA MN 0.9904 0.9916467 0.99463 1 1 9.216e-05 2.88369e-05 0.000187099 0.0001026986 
WI MN 0.97195 0.9728896 0.99463 0 1 0.9446868 2.88369e-05 0.9363758 0.6270305 
AZ MO 0.10068 0.8902077 0.00025 0 0 0.01013646 6.25e-08 4.952936e-08 0.003378858 
CO MO 0.95648 1 0.00025 1 0 0.00189399 6.25e-08 6.25e-08 0.0006313718 
FL MO 0.72023 1 0.00025 0 0 0.5187313 6.25e-08 6.25e-08 0.1729105 
GA MO 0.05883 0.7823937 0.00025 0 0 0.003460969 6.25e-08 3.825874e-08 0.00115369 
IA MO 0.04335 0.7309594 0.00025 0 0 0.001879223 6.25e-08 3.339386e-08 0.0006264395 
ME MO 0.99594 1 0.00025 1 0 1.64836e-05 6.25e-08 6.25e-08 5.5362e-06 
MI MO 0.9229 1 0.00025 0 0 0.8517444 6.25e-08 6.25e-08 0.2839148 
MN MO 0.99497 1 0.00025 1 0 2.53009e-05 6.25e-08 6.25e-08 8.4753e-06 
MS MO 0.00014 0.03264095 0.00025 0 0 1.96e-08 6.25e-08 6.658947e-11 2.738886e-08 
NC MO 0.66724 1 0.00025 0 0 0.4452092 6.25e-08 6.25e-08 0.1484031 
NH MO 0.95608 1 0.00025 1 0 0.001928966 6.25e-08 6.25e-08 0.0006430305 
NM MO 0.98996 1 0.00025 1 0 0.0001008016 6.25e-08 6.25e-08 3.36422e-05 
NV MO 0.65243 1 0.00025 1 0 0.1208049 6.25e-08 6.25e-08 0.04026834 
OH MO 0.28326 0.983185 0.00025 0 0 0.08023623 6.25e-08 6.041579e-08 0.02674545 
PA MO 0.94265 1 0.00025 0 0 0.888589 6.25e-08 6.25e-08 0.2961964 
SC MO 0.01263 0.4678536 0.00025 0 0 0.0001595169 6.25e-08 1.368044e-08 5.319769e-05 
TX MO 0.00035 0.05934718 0.00025 0 0 1.225e-07 6.25e-08 2.201305e-10 6.174004e-08 
VA MO 0.9906 1 0.00025 1 0 8.836e-05 6.25e-08 6.25e-08 2.9495e-05 
WI MO 0.97175 1 0.00025 0 0 0.9442981 6.25e-08 6.25e-08 0.3147661 
AZ MS 0.10052 0.8384539 0.00024 0 0 0.01010427 5.76e-08 4.049309e-08 0.003368123 
CO MS 0.95638 1 0.00024 1 0 0.001902704 5.76e-08 5.76e-08 0.0006342732 
FL MS 0.7191 1 0.00024 0 0 0.5171048 5.76e-08 5.76e-08 0.1723683 
GA MS 0.05697 0.7492567 0.00024 0 0 0.003245581 5.76e-08 3.233581e-08 0.00108189 
IA MS 0.04187 0.6858276 0.00024 0 0 0.001753097 5.76e-08 2.70927e-08 0.0005843939 
ME MS 0.99562 1 0.00024 1 0 1.91844e-05 5.76e-08 5.76e-08 6.4332e-06 
MI MS 0.92243 1 0.00024 0 0 0.8508771 5.76e-08 5.76e-08 0.2836257 
MN MS 0.99504 1 0.00024 1 0 2.46016e-05 5.76e-08 5.76e-08 8.238933e-06 
MO MS 0.00028 0.04558969 0.00024 0 0 7.84e-08 5.76e-08 1.19717e-10 4.537324e-08 
NC MS 0.66841 1 0.00024 0 0 0.4467719 5.76e-08 5.76e-08 0.148924 
NH MS 0.9566 1 0.00024 1 0 0.00188356 5.76e-08 5.76e-08 0.0006278917 
NM MS 0.98965 1 0.00024 1 0 0.0001071225 5.76e-08 5.76e-08 3.57459e-05 
NV MS 0.65303 0.9970268 0.00024 1 0 0.1203882 5.76e-08 5.725799e-08 0.04012943 
OH MS 0.28427 0.9682854 0.00024 0 0 0.08080943 5.76e-08 5.400442e-08 0.02693651 
PA MS 0.9432 1 0.00024 0 0 0.8896262 5.76e-08 5.76e-08 0.2965421 
SC MS 0.01208 0.4023786 0.00024 0 0 0.0001459264 5.76e-08 9.325931e-09 4.866444e-05 
TX MS 0.00033 0.0753221 0.00024 0 0 1.089e-07 5.76e-08 3.267889e-10 5.560893e-08 
VA MS 0.99036 1 0.00024 1 0 9.29296e-05 5.76e-08 5.76e-08 3.101493e-05 
WI MS 0.97163 1 0.00024 0 0 0.9440649 5.76e-08 5.76e-08 0.3146883 
AZ NC 0.09905 0.1468732 0.66542 0 0 0.009810902 0.4427838 0.009551612 0.1540488 
CO NC 0.95579 0.991229 0.66542 1 0 0.001954524 0.4427838 0.4350505 0.2932629 
FL NC 0.71502 0.8627974 0.66542 0 0 0.5112536 0.4427838 0.3296168 0.4278847 
GA NC 0.05711 0.08450155 0.66542 0 0 0.003261552 0.4427838 0.003161703 0.1497357 
IA NC 0.04228 0.06280642 0.66542 0 0 0.001787598 0.4427838 0.001746626 0.1487727 
ME NC 0.99548 0.9997001 0.66542 1 0 2.04304e-05 0.4427838 0.4425183 0.2951075 
MI NC 0.91891 0.9782149 0.66542 0 0 0.8443956 0.4427838 0.4237018 0.5702937 
MN NC 0.99444 0.9995652 0.66542 1 0 3.09136e-05 0.4427838 0.4423988 0.2950712 
MO NC 0.00028 0.0003898226 0.66542 0 0 7.84e-08 0.4427838 6.728617e-08 0.1475946 
MS NC 0.00025 0.0002848704 0.66542 0 0 6.25e-08 0.4427838 3.593241e-08 0.1475946 
NH NC 0.95457 0.9910641 0.66542 1 0 0.002063885 0.4427838 0.4349058 0.2932511 
NM NC 0.98997 0.9986506 0.66542 1 0 0.0001006009 0.4427838 0.4415896 0.2948247 
NV NC 0.64961 0.7965876 0.66542 1 0 0.1227732 0.4427838 0.2809692 0.2821754 
OH NC 0.28347 0.3945305 0.66542 0 0 0.08035524 0.4427838 0.0689212 0.1973534 
PA NC 0.94144 0.9882903 0.66542 0 0 0.8863093 0.4427838 0.4324748 0.5871893 
SC NC 0.01277 0.01812675 0.66542 0 0 0.0001630729 0.4427838 0.0001454895 0.1476974 
TX NC 0.00024 0.0005247612 0.66542 0 0 5.76e-08 0.4427838 1.219313e-07 0.1475947 
VA NC 0.99029 0.9992054 0.66542 1 0 9.42841e-05 0.4427838 0.4420803 0.2949861 
WI NC 0.97055 0.9951422 0.66542 0 0 0.9419673 0.4427838 0.4384923 0.6077478 
AZ NH 0.09763 0.1058827 0.95465 0 1 0.009531617 0.002056623 0.01021736 0.007268532 
CO NH 0.95611 0.9672357 0.95465 1 1 0.001926332 0.002056623 0.005871912 0.003284956 
FL NH 0.72196 0.744859 0.95465 0 1 0.5212262 0.002056623 0.5056343 0.3429724 
GA NH 0.05608 0.06000857 0.95465 0 1 0.003144966 0.002056623 0.003281821 0.002827803 
IA NH 0.04256 0.04504825 0.95465 0 1 0.001811354 0.002056623 0.001849457 0.001905811 
ME NH 0.9956 0.9979091 0.95465 1 1 1.936e-05 0.002056623 0.00224165 0.001439211 
MI NH 0.92048 0.9382455 0.95465 0 1 0.8472834 0.002056623 0.8022715 0.5505372 
MN NH 0.99479 0.9971146 0.95465 1 1 2.71441e-05 0.002056623 0.00231405 0.001465939 
MO NH 0.00032 0.000344997 0.95465 0 1 1.024e-07 0.002056623 1.084723e-07 0.0006856111 
MS NH 0.00016 0.0002195436 0.95465 0 1 2.56e-08 0.002056623 4.392682e-08 0.000685564 
NC NH 0.67 0.6911231 0.95465 0 1 0.4489 0.002056623 0.4353106 0.2954224 
NM NH 0.99009 0.9940932 0.95465 1 1 9.82081e-05 0.002056623 0.002599867 0.001584899 
NV NH 0.65225 0.6757551 0.95465 1 1 0.1209301 0.002056623 0.1259472 0.08297796 
OH NH 0.28386 0.295422 0.95465 0 1 0.0805765 0.002056623 0.07953788 0.054057 
PA NH 0.94114 0.9571576 0.95465 0 1 0.8857445 0.002056623 0.8349401 0.5742471 
SC NH 0.01227 0.01359079 0.95465 0 1 0.0001505529 0.002056623 0.0001683363 0.0007918372 
TX NH 0.00032 0.0004495416 0.95465 0 1 1.024e-07 0.002056623 1.841739e-07 0.0006856364 
VA NH 0.99038 0.9943232 0.95465 1 1 9.25444e-05 0.002056623 0.002577525 0.001575564 
WI NH 0.971 0.9800006 0.95465 0 1 0.942841 0.002056623 0.875268 0.6067219 
AZ NM 0.10051 0.1005695 0.98973 0 1 0.01010226 0.0001054729 0.009907554 0.006705096 
CO NM 0.95587 0.9595864 0.98973 1 1 0.001947457 0.0001054729 0.00252693 0.00152662 
FL NM 0.72009 0.7241533 0.98973 0 1 0.5185296 0.0001054729 0.5136821 0.3441057 
GA NM 0.05825 0.0565811 0.98973 0 1 0.003393063 0.0001054729 0.003136001 0.002211512 
IA NM 0.04329 0.04346333 0.98973 0 1 0.001874024 0.0001054729 0.001850459 0.001276652 
ME NM 0.99558 0.9965666 0.98973 1 1 1.95364e-05 0.0001054729 0.0001868192 0.0001039428 
MI NM 0.92075 0.925767 0.98973 0 1 0.8477806 0.0001054729 0.8395312 0.5624724 
MN NM 0.99456 0.9959708 0.98973 1 1 2.95936e-05 0.0001054729 0.0002032867 0.0001127844 
MO NM 4e-04 0.000252459 0.98973 0 1 1.6e-07 0.0001054729 6.243312e-08 3.523178e-05 
MS NM 0.00022 0.0001615737 0.98973 0 1 4.84e-08 0.0001054729 2.55726e-08 3.518229e-05 
NC NM 0.66638 0.6717832 0.98973 0 1 0.4440623 0.0001054729 0.4420707 0.2954128 
NH NM 0.95662 0.9591218 0.98973 1 1 0.001881824 0.0001054729 0.002573364 0.00152022 
NV NM 0.65145 0.6574738 0.98973 1 1 0.1214871 0.0001054729 0.1219954 0.08119601 
OH NM 0.28433 0.2841981 0.98973 0 1 0.08084355 0.0001054729 0.07911809 0.0533557 
PA NM 0.94292 0.9471048 0.98973 0 1 0.8890981 0.0001054729 0.8786776 0.5892937 
SC NM 0.01259 0.01235029 0.98973 0 1 0.0001585081 0.0001054729 0.0001494128 0.0001377979 
TX NM 0.00043 0.0004746228 0.98973 0 1 1.849e-07 0.0001054729 2.206636e-07 3.529282e-05 
VA NM 0.99076 0.9921132 0.98973 1 1 8.53776e-05 0.0001054729 0.0003267353 0.0001725286 
WI NM 0.97155 0.9742189 0.98973 0 1 0.9439094 0.0001054729 0.929708 0.6245743 
AZ NV 0.10087 0.1472654 0.65452 0 1 0.01017476 0.1193564 0.009290673 0.04627395 
CO NV 0.95777 0.992009 0.65452 1 1 0.001783373 0.1193564 0.1229977 0.08137917 
FL NV 0.72093 0.8510135 0.65452 0 1 0.5197401 0.1193564 0.3102549 0.3164505 
GA NV 0.05865 0.08402871 0.65452 0 1 0.003439823 0.1193564 0.003024832 0.04194036 
IA NV 0.04317 0.063836 0.65452 0 1 0.001863649 0.1193564 0.00174573 0.0409886 
ME NV 0.99581 0.999539 0.65452 1 1 1.75561e-05 0.1193564 0.119565 0.07964633 
MI NV 0.92143 0.9754583 0.65452 0 1 0.8490332 0.1193564 0.4076273 0.4586723 
MN NV 0.99494 0.9993546 0.65452 1 1 2.56036e-05 0.1193564 0.1196485 0.07967685 
MO NV 0.00027 0.0003841839 0.65452 0 1 7.29e-08 0.1193564 6.323015e-08 0.03978552 
MS NV 0.00019 0.0001690409 0.65452 0 1 3.61e-08 0.1193564 1.224136e-08 0.03978549 
NC NV 0.66958 0.8160681 0.65452 0 1 0.4483374 0.1193564 0.285298 0.2843306 
NH NV 0.9551 0.9915633 0.65452 1 1 0.00201601 0.1193564 0.1232024 0.08152494 
NM NV 0.99 0.9988321 0.65452 1 1 1e-04 0.1193564 0.1198852 0.07978054 
OH NV 0.28668 0.3952023 0.65452 0 1 0.08218542 0.1193564 0.06690904 0.08948363 
PA NV 0.94253 0.9880442 0.65452 0 1 0.8883628 0.1193564 0.418214 0.4753111 
SC NV 0.01277 0.01884038 0.65452 0 1 0.0001630729 0.1193564 0.0001520636 0.03989052 
TX NV 0.00044 0.0004917554 0.65452 0 1 1.936e-07 0.1193564 1.035963e-07 0.03978558 
VA NV 0.99078 0.9992931 0.65452 1 1 8.50084e-05 0.1193564 0.1196763 0.07970593 
WI NV 0.9709 0.9949595 0.65452 0 1 0.9426468 0.1193564 0.4240887 0.495364 
AZ OH 0.10029 0.2590953 0.28215 0 0 0.01005808 0.07960862 0.005344155 0.03167029 
CO OH 0.95574 0.9987247 0.28215 1 0 0.001958948 0.07960862 0.0794057 0.05365776 
FL OH 0.71855 0.947855 0.28215 0 0 0.5163141 0.07960862 0.07152271 0.2224818 
GA OH 0.05813 0.1613943 0.28215 0 0 0.003379097 0.07960862 0.002073655 0.02835379 
IA OH 0.04321 0.1273867 0.28215 0 0 0.001867104 0.07960862 0.001291839 0.02758919 
ME OH 0.99564 0.9999292 0.28215 1 0 1.90096e-05 0.07960862 0.07959734 0.05307499 
MI OH 0.92126 0.9952885 0.28215 0 0 0.84872 0.07960862 0.07886024 0.3357296 
MN OH 0.99455 0.9999646 0.28215 1 0 2.97025e-05 0.07960862 0.07960298 0.05308044 
MO OH 3e-04 0.001204435 0.28215 0 0 9e-08 0.07960862 1.154854e-07 0.02653628 
MS OH 0.00024 0.0009210386 0.28215 0 0 5.76e-08 0.07960862 6.753297e-08 0.02653625 
NC OH 0.66637 0.9265295 0.28215 0 0 0.444049 0.07960862 0.06834057 0.1973327 
NH OH 0.95611 0.998335 0.28215 1 0 0.001926332 0.07960862 0.07934375 0.05362624 
NM OH 0.99016 0.9998229 0.28215 1 0 9.68256e-05 0.07960862 0.07958042 0.05309529 
NV OH 0.65172 0.9108364 0.28215 1 0 0.121299 0.07960862 0.06604514 0.08898424 
PA OH 0.94246 0.997662 0.28215 0 0 0.8882309 0.07960862 0.0792368 0.3490254 
SC OH 0.01183 0.03801056 0.28215 0 0 0.0001399489 0.07960862 0.0001150187 0.0266212 
TX OH 0.00028 0.001098161 0.28215 0 0 7.84e-08 0.07960862 9.60047e-08 0.02653627 
VA OH 0.99054 0.9999646 0.28215 1 0 8.94916e-05 0.07960862 0.07960298 0.05310037 
WI OH 0.97101 0.9992561 0.28215 0 0 0.9428604 0.07960862 0.07949022 0.3673198 
AZ PA 0.10022 0.1050067 0.94209 0 0 0.01004405 0.8875336 0.009786314 0.3024546 
CO PA 0.95602 0.970779 0.94209 1 0 0.00193424 0.8875336 0.8364221 0.5752966 
FL PA 0.71922 0.7496418 0.94209 0 0 0.5172774 0.8875336 0.4987608 0.6345239 
GA PA 0.05658 0.0605755 0.94209 0 0 0.003201296 0.8875336 0.003256708 0.2979972 
IA PA 0.04242 0.04543959 0.94209 0 0 0.001799456 0.8875336 0.00183254 0.2970552 
ME PA 0.99517 0.9981213 0.94209 1 0 2.33289e-05 0.8875336 0.8842018 0.5905862 
MI PA 0.91953 0.9410803 0.94209 0 0 0.8455354 0.8875336 0.7860283 0.8396991 
MN PA 0.99486 0.9973995 0.94209 1 0 2.64196e-05 0.8875336 0.8829235 0.5901612 
MO PA 3e-04 0.0002865847 0.94209 0 0 9e-08 0.8875336 7.289381e-08 0.2958446 
MS PA 0.00017 0.0001804422 0.94209 0 0 2.89e-08 0.8875336 2.889755e-08 0.2958445 
NC PA 0.66674 0.6971331 0.94209 0 0 0.4445422 0.8875336 0.4313365 0.5878041 
NH PA 0.95594 0.9710974 0.94209 1 0 0.001941284 0.8875336 0.8369709 0.5754819 
NM PA 0.98954 0.9942789 0.94209 1 0 0.0001094116 0.8875336 0.8774073 0.5883501 
NV PA 0.65142 0.6825597 0.94209 1 0 0.121508 0.8875336 0.4134911 0.4741775 
OH PA 0.28425 0.2976872 0.94209 0 0 0.08079806 0.8875336 0.07865113 0.3489943 
SC PA 0.01188 0.01279017 0.94209 0 0 0.0001411344 0.8875336 0.0001451902 0.29594 
TX PA 0.00027 0.0003714986 0.94209 0 0 7.29e-08 0.8875336 1.224896e-07 0.2958446 
VA PA 0.99045 0.995542 0.94209 1 0 9.12025e-05 0.8875336 0.879638 0.5890876 
WI PA 0.97015 0.9822105 0.94209 0 0 0.941191 0.8875336 0.8562369 0.8949872 
AZ SC 0.10074 0.6313694 0.01271 0 0 0.01014855 0.0001615441 6.43959e-05 0.003458163 
CO SC 0.95579 1 0.01271 1 0 0.001954524 0.0001615441 0.0001615441 0.0007592041 
FL SC 0.72042 0.9936306 0.01271 0 0 0.519005 0.0001615441 0.0001594928 0.1731087 
GA SC 0.05648 0.4745223 0.01271 0 0 0.00318999 0.0001615441 3.637511e-05 0.001129303 
IA SC 0.04272 0.4028662 0.01271 0 0 0.001824998 0.0001615441 2.62188e-05 0.0006709204 
ME SC 0.99569 1 0.01271 1 0 1.85761e-05 0.0001615441 0.0001615441 0.0001138881 
MI SC 0.92106 1 0.01271 0 0 0.8483515 0.0001615441 0.0001615441 0.2828915 
MN SC 0.99471 1 0.01271 1 0 2.79841e-05 0.0001615441 0.0001615441 0.0001170241 
MO SC 0.00026 0.01273885 0.01271 0 0 6.76e-08 0.0001615441 2.621512e-08 5.387931e-05 
MS SC 0.00017 0.01035032 0.01271 0 0 2.89e-08 0.0001615441 1.730607e-08 5.386344e-05 
NC SC 0.66909 0.9952229 0.01271 0 0 0.4476814 0.0001615441 0.0001600044 0.1493343 
NH SC 0.95694 1 0.01271 1 0 0.001854164 0.0001615441 0.0001615441 0.0007257506 
NM SC 0.99018 1 0.01271 1 0 9.64324e-05 0.0001615441 0.0001615441 0.0001398402 
NV SC 0.65088 0.9856688 0.01271 1 0 0.1218848 0.0001615441 0.000156947 0.04073442 
OH SC 0.28319 0.8829618 0.01271 0 0 0.08019658 0.0001615441 0.0001259433 0.02682802 
PA SC 0.94205 1 0.01271 0 0 0.8874582 0.0001615441 0.0001615441 0.2959271 
TX SC 0.00039 0.01194268 0.01271 0 0 1.521e-07 0.0001615441 2.304063e-08 5.390641e-05 
VA SC 0.99053 1 0.01271 1 0 8.96809e-05 0.0001615441 0.0001615441 0.0001375897 
WI SC 0.97126 1 0.01271 0 0 0.943346 0.0001615441 0.0001615441 0.3145564 
AZ TX 0.09813 0.8742515 0.00042 0 0 0.009629497 1.764e-07 1.348253e-07 0.003209936 
CO TX 0.95432 1 0.00042 1 0 0.002086662 1.764e-07 1.764e-07 0.0006956717 
FL TX 0.71735 0.999002 0.00042 0 0 0.514591 1.764e-07 1.760481e-07 0.1715305 
GA TX 0.05688 0.7644711 0.00042 0 0 0.003235334 1.764e-07 1.03091e-07 0.001078538 
IA TX 0.04269 0.6996008 0.00042 0 0 0.001822436 1.764e-07 8.633744e-08 0.0006075663 
ME TX 0.99569 1 0.00042 1 0 1.85761e-05 1.764e-07 1.764e-07 6.309633e-06 
MI TX 0.92076 1 0.00042 0 0 0.847799 1.764e-07 1.764e-07 0.2825998 
MN TX 0.99459 1 0.00042 1 0 2.92681e-05 1.764e-07 1.764e-07 9.873633e-06 
MO TX 0.00026 0.05289421 0.00042 0 0 6.76e-08 1.764e-07 4.935315e-10 8.149784e-08 
MS TX 0.00013 0.03493014 0.00042 0 0 1.69e-08 1.764e-07 2.152282e-10 6.450508e-08 
NC TX 0.66569 1 0.00042 0 0 0.4431432 1.764e-07 1.764e-07 0.1477145 
NH TX 0.95337 1 0.00042 1 0 0.002174357 1.764e-07 1.764e-07 0.0007249032 
NM TX 0.98985 1 0.00042 1 0 0.0001030225 1.764e-07 1.764e-07 3.445843e-05 
NV TX 0.65242 1 0.00042 1 0 0.1208119 1.764e-07 1.764e-07 0.04027074 
OH TX 0.28408 0.9770459 0.00042 0 0 0.08070145 1.764e-07 1.683947e-07 0.0269006 
PA TX 0.94257 1 0.00042 0 0 0.8884382 1.764e-07 1.764e-07 0.2961462 
SC TX 0.01199 0.4381238 0.00042 0 0 0.0001437601 1.764e-07 3.386041e-08 4.799012e-05 
VA TX 0.99044 1 0.00042 1 0 9.13936e-05 1.764e-07 1.764e-07 3.058213e-05 
WI TX 0.97038 1 0.00042 0 0 0.9416373 1.764e-07 1.764e-07 0.3138792 
AZ VA 0.1005 0.1027163 0.99 0 1 0.01010025 1e-04 0.01034068 0.006846976 
CO VA 0.95689 0.9606133 0.99 1 1 0.001858472 1e-04 0.002400297 0.001452923 
FL VA 0.722 0.7263019 0.99 0 1 0.521284 1e-04 0.5170169 0.3461336 
GA VA 0.05663 0.05909013 0.99 0 1 0.003206957 1e-04 0.00342216 0.002243039 
IA VA 0.04339 0.0438886 0.99 0 1 0.001882692 1e-04 0.001887878 0.00129019 
ME VA 0.9954 0.9967598 0.99 1 1 2.116e-05 1e-04 0.000174445 9.853501e-05 
MI VA 0.92198 0.9266067 0.99 0 1 0.8500471 1e-04 0.8415139 0.563887 
MN VA 0.99462 0.996245 0.99 1 1 2.89444e-05 1e-04 0.0001881673 0.0001057039 
MO VA 0.00035 0.000383571 0.99 0 1 1.225e-07 1e-04 1.441989e-07 3.342223e-05 
MS VA 0.00017 0.0002624433 0.99 0 1 2.89e-08 1e-04 6.750587e-08 3.336547e-05 
NC VA 0.66945 0.6744491 0.99 0 1 0.4481633 1e-04 0.4458295 0.2980309 
NH VA 0.95651 0.9592102 0.99 1 1 0.00189138 1e-04 0.002538331 0.001509904 
NM VA 0.9903 0.99141 0.99 1 1 9.409e-05 1e-04 0.0003424007 0.0001788302 
NV VA 0.65385 0.6570976 0.99 1 1 0.1198198 1e-04 0.1221317 0.08068383 
OH VA 0.28428 0.2856999 0.99 0 1 0.08081512 1e-04 0.08000009 0.0536384 
PA VA 0.94167 0.9476426 0.99 0 1 0.8867424 1e-04 0.8801557 0.5889994 
SC VA 0.01254 0.01228437 0.99 0 1 0.0001572516 1e-04 0.0001479027 0.0001350514 
TX VA 0.00034 0.0004845108 0.99 0 1 1.156e-07 1e-04 2.300792e-07 3.344856e-05 
WI VA 0.9716 0.9752294 0.99 0 1 0.9440066 1e-04 0.932146 0.6254175 
AZ WI 0.10053 0.1014217 0.97057 0 0 0.01010628 0.9420061 0.009689807 0.3206007 
CO WI 0.95619 0.9658391 0.97057 1 0 0.001919316 0.9420061 0.8787458 0.6075571 
FL WI 0.71907 0.7341815 0.97057 0 0 0.5170617 0.9420061 0.5077625 0.6556101 
GA WI 0.0579 0.05780365 0.97057 0 0 0.00335241 0.9420061 0.003147489 0.3161687 
IA WI 0.04311 0.04392706 0.97057 0 0 0.001858472 0.9420061 0.001817683 0.3152274 
ME WI 0.99557 0.997167 0.97057 1 0 1.96249e-05 0.9420061 0.9366763 0.626234 
MI WI 0.92189 0.9327805 0.97057 0 0 0.8498812 0.9420061 0.8196201 0.8705025 
MN WI 0.99475 0.9965489 0.97057 1 0 2.75625e-05 0.9420061 0.9355154 0.6258497 
MO WI 0.00033 0.0002163387 0.97057 0 0 1.089e-07 0.9420061 4.408819e-08 0.3140021 
MS WI 2e-04 0.0002369424 0.97057 0 0 4e-08 0.9420061 5.288583e-08 0.3140021 
NC WI 0.66943 0.6820439 0.97057 0 0 0.4481365 0.9420061 0.438206 0.6094496 
NH WI 0.95511 0.9646338 0.97057 1 0 0.002015112 0.9420061 0.8765539 0.6068584 
NM WI 0.98981 0.993242 0.97057 1 0 0.0001038361 0.9420061 0.929317 0.623809 
NV WI 0.65474 0.6694653 0.97057 1 0 0.1192045 0.9420061 0.4221919 0.4944675 
OH WI 0.28304 0.2892964 0.97057 0 0 0.08011164 0.9420061 0.07883875 0.3669855 
PA WI 0.94271 0.9534151 0.97057 0 0 0.8887021 0.9420061 0.8562838 0.895664 
SC WI 0.01293 0.01295972 0.97057 0 0 0.0001671849 0.9420061 0.000158214 0.3141105 
TX WI 0.00041 0.0003811682 0.97057 0 0 1.681e-07 0.9420061 1.368633e-07 0.3140021 
VA WI 0.98942 0.9935923 0.97057 1 0 0.0001119364 0.9420061 0.9299725 0.6240302 
AZ ME2 0.10052 0.1284626 0.75701 0 0 0.01010427 0.5730641 0.009457078 0.1975418 
CO ME2 0.95582 0.981405 0.75701 1 0 0.001951872 0.5730641 0.55195 0.3756553 
FL ME2 0.71644 0.8020799 0.75701 0 0 0.5132863 0.5730641 0.3686706 0.485007 
GA ME2 0.05674 0.07511911 0.75701 0 0 0.003219428 0.5730641 0.003233732 0.1931724 
IA ME2 0.0439 0.05545511 0.75701 0 0 0.00192721 0.5730641 0.001762326 0.1922512 
ME ME2 0.99581 1 0.75701 1 0 1.75561e-05 0.5730641 0.5730641 0.3820486 
MI ME2 0.92069 0.9605268 0.75701 0 0 0.8476701 0.5730641 0.5287157 0.6498167 
MN ME2 0.99444 0.9987199 0.75701 1 0 3.09136e-05 0.5730641 0.5715979 0.3815643 
MO ME2 0.00031 0.0002243543 0.75701 0 0 9.61e-08 0.5730641 2.88451e-08 0.1910214 
MS ME2 0.00022 0.000211157 0.75701 0 0 4.84e-08 0.5730641 2.555137e-08 0.1910214 
NC ME2 0.66658 0.7576181 0.75701 0 0 0.4443289 0.5730641 0.3289304 0.4487745 
NH ME2 0.95496 0.9813522 0.75701 1 0 0.002028602 0.5730641 0.5518906 0.3756611 
NM ME2 0.99008 0.9967403 0.75701 1 0 9.84064e-05 0.5730641 0.5693342 0.3808322 
NV ME2 0.65049 0.7385876 0.75701 1 0 0.1221572 0.5730641 0.3126132 0.3359449 
OH ME2 0.28187 0.349808 0.75701 0 0 0.0794507 0.5730641 0.07012335 0.2408794 
PA ME2 0.94193 0.9760733 0.75701 0 0 0.8872321 0.5730641 0.5459691 0.6687551 
SC ME2 0.01209 0.01624589 0.75701 0 0 0.0001461681 0.5730641 0.0001512483 0.1911205 
TX ME2 0.00042 0.000461906 0.75701 0 0 1.764e-07 0.5730641 1.222673e-07 0.1910215 
VA ME2 0.99022 0.9977433 0.75701 1 0 9.56484e-05 0.5730641 0.5704805 0.3812134 
WI ME2 0.97134 0.9901416 0.75701 0 0 0.9435014 0.5730641 0.5618209 0.6927955 
AZ NE2 0.09919 0.3485538 0.07373 0 0 0.009838656 0.005436113 0.0006604321 0.005311734 
CO NE2 0.95557 0.9989288 0.07373 1 0 0.001974025 0.005436113 0.005424472 0.004278203 
FL NE2 0.71995 0.956481 0.07373 0 0 0.518328 0.005436113 0.00497326 0.1762458 
GA NE2 0.05623 0.2407606 0.07373 0 0 0.003161813 0.005436113 0.0003151079 0.002971011 
IA NE2 0.04296 0.1963042 0.07373 0 0 0.001845562 0.005436113 0.0002094825 0.002497052 
ME NE2 0.99562 0.9997322 0.07373 1 0 1.91844e-05 0.005436113 0.005433202 0.0036295 
MI NE2 0.91995 0.9962507 0.07373 0 0 0.846308 0.005436113 0.005395426 0.2857132 
MN NE2 0.99466 0.9998661 0.07373 1 0 2.85156e-05 0.005436113 0.005434657 0.003633095 
MO NE2 0.00031 0.002276379 0.07373 0 0 9.61e-08 0.005436113 2.816941e-08 0.001812079 
MS NE2 0.00022 0.001472951 0.07373 0 0 4.84e-08 0.005436113 1.179411e-08 0.001812058 
NC NE2 0.66767 0.9438939 0.07373 0 0 0.4457832 0.005436113 0.004843228 0.1520209 
NH NE2 0.95581 0.9978575 0.07373 1 0 0.001952756 0.005436113 0.005412844 0.004267238 
NM NE2 0.99008 0.9998661 0.07373 1 0 9.84064e-05 0.005436113 0.005434657 0.003656392 
NV NE2 0.65032 0.93827 0.07373 1 0 0.1222761 0.005436113 0.004785685 0.04416597 
OH NE2 0.28141 0.6638993 0.07373 0 0 0.07919159 0.005436113 0.002396034 0.02900791 
PA NE2 0.94177 0.9974558 0.07373 0 0 0.8869307 0.005436113 0.005408487 0.2992584 
SC NE2 0.01256 0.07110337 0.07373 0 0 0.0001577536 0.005436113 2.74833e-05 0.001873783 
TX NE2 0.00032 0.003615426 0.07373 0 0 1.024e-07 0.005436113 7.105708e-08 0.001812095 
VA NE2 0.9901 1 0.07373 1 0 9.801e-05 0.005436113 0.005436113 0.003656745 
WI NE2 0.97141 0.9991966 0.07373 0 0 0.9436374 0.005436113 0.005427381 0.318167 
The average brier score with the third way of testing it is(CC) 0.1854114