State1: State2: Win Prob(State1): Conditional Prob(State1): Win Prob(State2): Outcome1: Outcome2: Brier Score(State1): Brier Score(State2): Brier Score(Conditional): Brier Score(Average)
CO AZ 0.04298 0.05006173 0.90053 1 0 0.9158873 0.8109543 0.002032395 0.5762913 
FL AZ 0.28067 0.3130387 0.90053 0 0 0.5174356 0.009894281 0.5156665 0.3476655 
GA AZ 0.94415 0.9658432 0.90053 0 0 0.003119222 0.009894281 0.01695964 0.009991048 
IA AZ 0.95765 0.9760202 0.90053 0 0 0.001793522 0.009894281 0.01465662 0.008781475 
ME AZ 0.00434 0.005005061 0.90053 1 0 0.9913388 0.8109543 2.031492e-05 0.6007711 
MI AZ 0.08173 0.08657643 0.90053 0 0 0.8432198 0.009894281 0.8501491 0.5677544 
MN AZ 0.00552 0.005783626 0.90053 1 0 0.9889905 0.8109543 2.712668e-05 0.5999906 
MO AZ 0.99971 0.9999444 0.90053 0 0 8.41e-08 0.009894281 0.009904246 0.006599537 
MS AZ 0.99982 0.9999778 0.90053 0 0 3.24e-08 0.009894281 0.009898266 0.006597527 
NC AZ 0.3346 0.3690954 0.90053 0 0 0.4427572 0.009894281 0.4457145 0.2994553 
NH AZ 0.04444 0.04946112 0.90053 1 0 0.9130949 0.8109543 0.001983921 0.5753444 
NM AZ 0.0103 0.01100001 0.90053 1 0 0.9795061 0.8109543 9.812567e-05 0.5968528 
NV AZ 0.3494 0.3843664 0.90053 1 0 0.4232804 0.8109543 0.1198084 0.4513477 
OH AZ 0.71851 0.7684103 0.90053 0 0 0.07923662 0.009894281 0.09487847 0.06133646 
PA AZ 0.05822 0.06477661 0.90053 0 0 0.8869496 0.009894281 0.8867362 0.5945267 
SC AZ 0.98744 0.9947058 0.90053 0 0 0.0001577536 0.009894281 0.01086548 0.006972506 
TX AZ 0.99976 0.9999333 0.90053 0 0 5.76e-08 0.009894281 0.00990624 0.006600193 
VA AZ 0.00997 0.01113348 0.90053 1 0 0.9801594 0.8109543 0.0001005213 0.5970714 
WI AZ 0.02899 0.03233269 0.90053 0 0 0.9428604 0.009894281 0.9426147 0.6317898 
AZ CO 0.90078 0.9988299 0.0442 0 1 0.8114046 0.9135536 0.001949071 0.5756358 
FL CO 0.28295 0.8174585 0.0442 0 1 0.0800607 0.9135536 0.001305497 0.3316399 
GA CO 0.94229 0.9995319 0.0442 0 1 0.8879104 0.9135536 0.001951812 0.6011386 
IA CO 0.95679 1 0.0442 0 1 0.9154471 0.9135536 0.00195364 0.6103181 
ME CO 0.00413 0.04937983 0.0442 1 1 0.9917571 0.9135536 4.763692e-06 0.6351052 
MI CO 0.08069 0.4472268 0.0442 0 1 0.006510876 0.9135536 0.000390751 0.3068184 
MN CO 0.00535 0.05476246 0.0442 1 1 0.9893286 0.9135536 5.858824e-06 0.634296 
MO CO 0.99973 1 0.0442 0 1 0.9994601 0.9135536 0.00195364 0.6383225 
MS CO 0.99982 1 0.0442 0 1 0.99964 0.9135536 0.00195364 0.6383824 
NC CO 0.33467 0.8621577 0.0442 0 1 0.112004 0.9135536 0.001452172 0.3423366 
NH CO 0.04422 0.3084484 0.0442 1 1 0.9135154 0.9135536 0.0001858701 0.609085 
NM CO 0.0102 0.1060145 0.0442 1 1 0.979704 0.9135536 2.195711e-05 0.6310932 
NV CO 0.34999 0.8764334 0.0442 1 1 0.422513 0.9135536 0.00150066 0.4458558 
OH CO 0.71946 0.991341 0.0442 0 1 0.5176227 0.9135536 0.001919953 0.4776988 
PA CO 0.05805 0.3948046 0.0442 0 1 0.003369803 0.9135536 0.0003045152 0.3057427 
SC CO 0.98775 1 0.0442 0 1 0.9756501 0.9135536 0.00195364 0.6303858 
TX CO 0.99969 1 0.0442 0 1 0.9993801 0.9135536 0.00195364 0.6382958 
VA CO 0.00977 0.1130353 0.0442 1 1 0.9805555 0.9135536 2.496163e-05 0.631378 
WI CO 0.02937 0.2323894 0.0442 0 1 0.0008625969 0.9135536 0.000105506 0.3048406 
AZ FL 0.89885 0.993176 0.28073 0 0 0.01023132 0.5173493 0.5201088 0.3492298 
CO FL 0.04383 0.1269548 0.28073 1 0 0.9142611 0.07880933 0.001270211 0.3314469 
GA FL 0.94153 0.9971922 0.28073 0 0 0.003418741 0.5173493 0.5184839 0.3464173 
IA FL 0.95704 0.9983651 0.28073 0 0 0.001845562 0.5173493 0.5180098 0.3457349 
ME FL 0.00436 0.01347029 0.28073 1 0 0.991299 0.07880933 1.429985e-05 0.3567075 
MI FL 0.07896 0.2130011 0.28073 0 0 0.8483147 0.5173493 0.8839839 0.7498826 
MN FL 0.00528 0.01784191 0.28073 1 0 0.9894679 0.07880933 2.508767e-05 0.3561008 
MO FL 0.99984 1 0.28073 0 0 2.56e-08 0.5173493 0.5173493 0.3448996 
MS FL 0.99987 1 0.28073 0 0 1.69e-08 0.5173493 0.5173493 0.3448996 
NC FL 0.33309 0.6643091 0.28073 0 0 0.4447689 0.5173493 0.6617961 0.5413048 
NH FL 0.04401 0.1242892 0.28073 1 0 0.9139169 0.07880933 0.001217431 0.3313145 
NM FL 0.01031 0.03152545 0.28073 1 0 0.9794863 0.07880933 7.832496e-05 0.3527913 
NV FL 0.34949 0.6543219 0.28073 1 0 0.4231633 0.07880933 0.0337412 0.1785713 
OH FL 0.71744 0.9457279 0.28073 0 0 0.07984015 0.5173493 0.5394988 0.3788961 
PA FL 0.05708 0.1618567 0.28073 0 0 0.8890981 0.5173493 0.9111886 0.7725453 
SC FL 0.9871 0.9998934 0.28073 0 0 0.00016641 0.5173493 0.5173924 0.3449694 
TX FL 0.99965 1 0.28073 0 0 1.225e-07 0.5173493 0.5173493 0.3448996 
VA FL 0.01001 0.03085016 0.28073 1 0 0.9800802 0.07880933 7.500538e-05 0.3529882 
WI FL 0.02844 0.08522889 0.28073 0 0 0.9439288 0.5173493 0.9527199 0.804666 
AZ GA 0.90021 0.92224 0.94265 0 0 0.009958044 0.003289023 0.01706954 0.01010553 
CO GA 0.04353 0.04695743 0.94265 1 0 0.9148349 0.888589 0.001959339 0.6017944 
FL GA 0.2782 0.2972732 0.94265 0 0 0.5209952 0.003289023 0.5180767 0.3474536 
IA GA 0.95551 0.970917 0.94265 0 0 0.00197936 0.003289023 0.007185126 0.00415117 
ME GA 0.00425 0.004447369 0.94265 1 0 0.9915181 0.888589 1.757549e-05 0.6267082 
MI GA 0.07917 0.08512626 0.94265 0 0 0.8479279 0.003289023 0.8459506 0.5657225 
MN GA 0.00539 0.005604322 0.94265 1 0 0.9892491 0.888589 2.790918e-05 0.6259553 
MO GA 0.99981 0.9999469 0.94265 0 0 3.61e-08 0.003289023 0.003294763 0.002194607 
MS GA 0.99983 0.9999788 0.94265 0 0 2.89e-08 0.003289023 0.003291318 0.002193457 
NC GA 0.32976 0.3527433 0.94265 0 0 0.4492217 0.003289023 0.4455383 0.2993497 
NH GA 0.0439 0.04748814 0.94265 1 0 0.9141272 0.888589 0.002003878 0.6015734 
NM GA 0.00975 0.01107066 0.94265 1 0 0.9805951 0.888589 0.000108905 0.6230977 
NV GA 0.34917 0.3672105 0.94265 1 0 0.4235797 0.888589 0.1198205 0.4773297 
OH GA 0.71491 0.7470307 0.94265 0 0 0.08127631 0.003289023 0.08750447 0.0573566 
PA GA 0.05758 0.06239054 0.94265 0 0 0.8881555 0.003289023 0.885834 0.5924262 
SC GA 0.98773 0.9935465 0.94265 0 0 0.0001505529 0.003289023 0.004023791 0.002487789 
TX GA 0.99967 0.9999363 0.94265 0 0 1.089e-07 0.003289023 0.003295912 0.002195014 
VA GA 0.00954 0.01005169 0.94265 1 0 0.981011 0.888589 8.977992e-05 0.6232299 
WI GA 0.02947 0.03019753 0.94265 0 0 0.9419285 0.003289023 0.9438789 0.6296988 
AZ IA 0.89871 0.9165377 0.95665 0 0 0.01025966 0.001879223 0.01517682 0.009105234 
CO IA 0.0434 0.04548021 0.95665 1 0 0.9150836 0.9151792 0.001893002 0.6107186 
FL IA 0.27947 0.2918723 0.95665 0 0 0.5191635 0.001879223 0.5195243 0.3468557 
GA IA 0.94216 0.9556492 0.95665 0 0 0.003345466 0.001879223 0.007357897 0.004194195 
ME IA 0.00439 0.00475822 0.95665 1 0 0.9912393 0.9151792 2.072026e-05 0.6354797 
MI IA 0.0792 0.08168451 0.95665 0 0 0.8478726 0.001879223 0.8498194 0.5665238 
MN IA 0.00527 0.005919016 0.95665 1 0 0.9894878 0.9151792 3.206308e-05 0.6348997 
MO IA 0.99973 0.9999163 0.95665 0 0 7.29e-08 0.001879223 0.001886168 0.001255154 
MS IA 0.99981 0.9998641 0.95665 0 0 3.61e-08 0.001879223 0.001890515 0.001256591 
NC IA 0.33343 0.3459487 0.95665 0 0 0.4443156 0.001879223 0.4476254 0.2979401 
NH IA 0.04347 0.04644232 0.95665 1 0 0.9149496 0.9151792 0.00197394 0.6107009 
NM IA 0.00929 0.01081318 0.95665 1 0 0.9815063 0.9151792 0.0001070073 0.6322642 
NV IA 0.34742 0.362179 0.95665 1 0 0.4258607 0.9151792 0.1200473 0.4870291 
OH IA 0.71588 0.7392809 0.95665 0 0 0.08072417 0.001879223 0.08571245 0.05610528 
PA IA 0.05787 0.05998494 0.95665 0 0 0.8876089 0.001879223 0.8885238 0.5926707 
SC IA 0.98745 0.9923032 0.95665 0 0 0.0001575025 0.001879223 0.002571824 0.001536183 
TX IA 0.99959 0.9998641 0.95665 0 0 1.681e-07 0.001879223 0.001890515 0.001256635 
VA IA 0.01 0.009589643 0.95665 1 0 0.9801 0.9151792 8.416102e-05 0.6317878 
WI IA 0.02837 0.02998201 0.95665 0 0 0.9440649 0.001879223 0.9434581 0.6298007 
AZ ME 0.90006 1 0.00471 0 1 0.810108 0.9906022 2.21841e-05 0.6002441 
CO ME 0.04434 0.4865269 0.00471 1 1 0.913286 0.9906022 5.251164e-06 0.6346312 
FL ME 0.27898 0.9199102 0.00471 0 1 0.07782984 0.9906022 1.877296e-05 0.3561503 
GA ME 0.94393 1 0.00471 0 1 0.8910038 0.9906022 2.21841e-05 0.6272094 
IA ME 0.95701 1 0.00471 0 1 0.9158681 0.9906022 2.21841e-05 0.6354975 
MI ME 0.07959 0.6242515 0.00471 0 1 0.006334568 0.9906022 8.64492e-06 0.3323151 
MN ME 0.00568 0.1504491 0.00471 1 1 0.9886723 0.9906022 5.021356e-07 0.6597583 
MO ME 0.99974 1 0.00471 0 1 0.9994801 0.9906022 2.21841e-05 0.6633681 
MS ME 0.99984 1 0.00471 0 1 0.99968 0.9906022 2.21841e-05 0.6634348 
NC ME 0.3325 0.9318862 0.00471 0 1 0.1105563 0.9906022 1.926494e-05 0.3670592 
NH ME 0.04381 0.495509 0.00471 1 1 0.9142993 0.9906022 5.446843e-06 0.634969 
NM ME 0.01045 0.2065868 0.00471 1 1 0.9792092 0.9906022 9.467756e-07 0.6566041 
NV ME 0.34958 0.9288922 0.00471 1 1 0.4230462 0.9906022 1.914135e-05 0.4712225 
OH ME 0.71783 0.998503 0.00471 0 1 0.5152799 0.9906022 2.211773e-05 0.5019681 
PA ME 0.05849 0.5726048 0.00471 0 1 0.00342108 0.9906022 7.273639e-06 0.3313435 
SC ME 0.98788 1 0.00471 0 1 0.9759069 0.9906022 2.21841e-05 0.6555104 
TX ME 0.99971 1 0.00471 0 1 0.9994201 0.9906022 2.21841e-05 0.6633482 
VA ME 0.00947 0.2350299 0.00471 1 1 0.9811497 0.9906022 1.225429e-06 0.657251 
WI ME 0.0287 0.4049401 0.00471 0 1 0.00082369 0.9906022 3.637671e-06 0.3304765 
AZ MI 0.89883 0.9983492 0.07883 0 0 0.01023537 0.8485542 0.8487939 0.5691945 
CO MI 0.04299 0.2568889 0.07883 1 0 0.9158681 0.006214169 0.0004100848 0.3074975 
FL MI 0.28075 0.7587302 0.07883 0 0 0.5173206 0.8485542 0.8839559 0.7499436 
GA MI 0.94325 0.999619 0.07883 0 0 0.003220562 0.8485542 0.8486095 0.5667947 
IA MI 0.95637 0.999873 0.07883 0 0 0.001903577 0.8485542 0.8485726 0.5663435 
ME MI 0.00466 0.0327619 0.07883 1 0 0.9907017 0.006214169 6.669931e-06 0.3323075 
MN MI 0.00517 0.04114286 0.07883 1 0 0.9896867 0.006214169 1.051894e-05 0.3319705 
MO MI 0.99975 1 0.07883 0 0 6.25e-08 0.8485542 0.8485542 0.5657028 
MS MI 0.99986 1 0.07883 0 0 1.96e-08 0.8485542 0.8485542 0.5657028 
NC MI 0.33161 0.8144762 0.07883 0 0 0.4467452 0.8485542 0.875712 0.7236704 
NH MI 0.04249 0.2386032 0.07883 1 0 0.9168254 0.006214169 0.0003537818 0.3077978 
NM MI 0.00931 0.07555556 0.07883 1 0 0.9814667 0.006214169 3.547447e-05 0.3292388 
NV MI 0.34717 0.8 0.07883 1 0 0.426187 0.006214169 0.003977068 0.1454594 
OH MI 0.71556 0.9845079 0.07883 0 0 0.08090611 0.8485542 0.8508056 0.593422 
PA MI 0.05809 0.3092063 0.07883 0 0 0.8871944 0.8485542 0.9518447 0.8958644 
SC MI 0.98688 1 0.07883 0 0 0.0001721344 0.8485542 0.8485542 0.5657602 
TX MI 0.99964 1 0.07883 0 0 1.296e-07 0.8485542 0.8485542 0.5657028 
VA MI 0.00906 0.08101587 0.07883 1 0 0.9819621 0.006214169 4.078714e-05 0.3294057 
WI MI 0.02874 0.1828571 0.07883 0 0 0.943346 0.8485542 0.9713785 0.9210929 
AZ MN 0.89997 0.9991015 0.00539 0 1 0.809946 0.9892491 2.899992e-05 0.5997414 
CO MN 0.04364 0.490566 0.00539 1 1 0.9146244 0.9892491 6.991534e-06 0.6346268 
FL MN 0.28146 0.9191375 0.00539 0 1 0.07921973 0.9892491 2.454361e-05 0.3561644 
GA MN 0.94279 1 0.00539 0 1 0.888853 0.9892491 2.90521e-05 0.6260437 
IA MN 0.95706 1 0.00539 0 1 0.9159638 0.9892491 2.90521e-05 0.6350806 
ME MN 0.00408 0.1150045 0.00539 1 1 0.9918566 0.9892491 3.84244e-07 0.6603687 
MI MN 0.07909 0.5947889 0.00539 0 1 0.006255228 0.9892491 1.027787e-05 0.3318382 
MO MN 0.99978 1 0.00539 0 1 0.99956 0.9892491 2.90521e-05 0.6629461 
MS MN 0.99978 1 0.00539 0 1 0.99956 0.9892491 2.90521e-05 0.6629461 
NC MN 0.33186 0.9451932 0.00539 0 1 0.1101311 0.9892491 2.595486e-05 0.3664687 
NH MN 0.04407 0.4797844 0.00539 1 1 0.9138022 0.9892491 6.687591e-06 0.6343526 
NM MN 0.01035 0.1949686 0.00539 1 1 0.9794071 0.9892491 1.10435e-06 0.6562191 
NV MN 0.34704 0.950584 0.00539 1 1 0.4263568 0.9892491 2.625177e-05 0.4718774 
OH MN 0.7145 0.9982031 0.00539 0 1 0.5105103 0.9892491 2.894778e-05 0.4999294 
PA MN 0.05798 0.5633423 0.00539 0 1 0.00336168 0.9892491 9.219817e-06 0.3308733 
SC MN 0.98812 1 0.00539 0 1 0.9763811 0.9892491 2.90521e-05 0.6552197 
TX MN 0.99966 1 0.00539 0 1 0.9993201 0.9892491 2.90521e-05 0.6628661 
VA MN 0.00979 0.2291105 0.00539 1 1 0.9805158 0.9892491 1.524992e-06 0.6565888 
WI MN 0.02892 0.3665768 0.00539 0 1 0.0008363664 0.9892491 3.903979e-06 0.3300298 
AZ MO 0.90031 0.8990188 0.99966 0 0 0.009938096 1.156e-07 0.01025903 0.006732414 
CO MO 0.04406 0.04420928 0.99966 1 0 0.9138213 0.9993201 0.001953132 0.6383648 
FL MO 0.27985 0.2803189 0.99966 0 0 0.518616 1.156e-07 0.5180781 0.3455648 
GA MO 0.94274 0.9418378 0.99966 0 0 0.003278708 1.156e-07 0.003420196 0.002233006 
IA MO 0.95672 0.957091 0.99966 0 0 0.001873158 1.156e-07 0.001869215 0.001247496 
ME MO 0.00433 0.004650977 0.99966 1 0 0.9913587 0.9993201 2.161688e-05 0.6635668 
MI MO 0.07959 0.07940668 0.99966 0 0 0.8471546 1.156e-07 0.8475418 0.5648988 
MN MO 0.00533 0.004971044 0.99966 1 0 0.9893684 0.9993201 2.469448e-05 0.6629044 
MS MO 0.9998 0.99985 0.99966 0 0 4e-08 1.156e-07 2.400809e-07 1.318936e-07 
NC MO 0.33475 0.3340201 0.99966 0 0 0.4425576 1.156e-07 0.4436804 0.2954127 
NH MO 0.04433 0.04375919 0.99966 1 0 0.9133051 0.9993201 0.001913565 0.6381796 
NM MO 0.01037 0.009562008 0.99966 1 0 0.9793675 0.9993201 9.136983e-05 0.659593 
NV MO 0.35092 0.3491033 0.99966 1 0 0.4213048 0.9993201 0.1217903 0.5141384 
OH MO 0.71605 0.7160904 0.99966 0 0 0.0806276 1.156e-07 0.08074298 0.05379023 
PA MO 0.05893 0.05711199 0.99966 0 0 0.8856127 1.156e-07 0.8890744 0.5915624 
SC MO 0.98787 0.9877074 0.99966 0 0 0.0001471369 1.156e-07 0.0001594765 0.000102243 
TX MO 0.9996 0.9996899 0.99966 0 0 1.6e-07 1.156e-07 4.224476e-07 2.326825e-07 
VA MO 0.00978 0.009562008 0.99966 1 0 0.9805356 0.9993201 9.136983e-05 0.6599824 
WI MO 0.02878 0.02846598 0.99966 0 0 0.9432683 1.156e-07 0.9438972 0.6290552 
AZ MS 0.90036 0.9004911 0.9998 0 0 0.00992813 4e-08 0.009937898 0.006622022 
CO MS 0.04443 0.04321821 0.9998 1 0 0.913114 0.9996 0.001867067 0.6381937 
FL MS 0.27888 0.2813835 0.9998 0 0 0.5200141 4e-08 0.5164906 0.3455016 
GA MS 0.94117 0.9427191 0.9998 0 0 0.003460969 4e-08 0.003302735 0.002254581 
IA MS 0.95727 0.9568118 0.9998 0 0 0.001825853 4e-08 0.001881787 0.001235893 
ME MS 0.00423 0.004570868 0.9998 1 0 0.9915579 0.9996 2.088448e-05 0.6637263 
MI MS 0.07905 0.07973515 0.9998 0 0 0.8481489 4e-08 0.8469167 0.5650219 
MN MS 0.00483 0.005200988 0.9998 1 0 0.9903633 0.9996 2.703946e-05 0.6633301 
MO MS 0.99977 0.99975 0.9998 0 0 5.29e-08 4e-08 2.024977e-07 9.846592e-08 
NC MS 0.33194 0.3343935 0.9998 0 0 0.4463042 4e-08 0.443121 0.2964751 
NH MS 0.04364 0.04299817 0.9998 1 0 0.9146244 0.9996 0.001848103 0.6386909 
NM MS 0.01056 0.01022194 0.9998 1 0 0.9789915 0.9996 0.0001044463 0.6595653 
NV MS 0.34589 0.3482362 0.9998 1 0 0.4278599 0.9996 0.1212199 0.5162266 
OH MS 0.71485 0.7169262 0.9998 0 0 0.08131052 4e-08 0.08021196 0.05384084 
PA MS 0.05833 0.05729089 0.9998 0 0 0.8867424 4e-08 0.8887221 0.5918215 
SC MS 0.98725 0.9878377 0.9998 0 0 0.0001625625 4e-08 0.0001527666 0.000105123 
TX MS 0.99972 0.9996399 0.9998 0 0 7.84e-08 4e-08 3.13596e-07 1.439987e-07 
VA MS 0.00946 0.009451796 0.9998 1 0 0.9811695 0.9996 8.930071e-05 0.6602863 
WI MS 0.02819 0.0289455 0.9998 0 0 0.9444147 4e-08 0.9429581 0.6291243 
AZ NC 0.89864 0.9910452 0.33159 0 0 0.01027385 0.4467719 0.4507502 0.3025987 
CO NC 0.04323 0.1109666 0.33159 1 0 0.9154088 0.1099519 0.001353902 0.3422382 
FL NC 0.28017 0.5553169 0.33159 0 0 0.5181552 0.4467719 0.6656316 0.5435196 
GA NC 0.94335 0.997247 0.33159 0 0 0.003209222 0.4467719 0.4479931 0.2993247 
IA NC 0.95628 0.9975798 0.33159 0 0 0.001911438 0.4467719 0.4478454 0.2988429 
ME NC 0.00432 0.01188928 0.33159 1 0 0.9913787 0.1099519 1.554224e-05 0.3671154 
MI NC 0.07925 0.1906822 0.33159 0 0 0.8477806 0.4467719 0.8775412 0.7240312 
MN NC 0.00545 0.01403721 0.33159 1 0 0.9891297 0.1099519 2.166529e-05 0.3663678 
MO NC 0.99969 1 0.33159 0 0 9.61e-08 0.4467719 0.4467719 0.297848 
MS NC 0.99979 1 0.33159 0 0 4.41e-08 0.4467719 0.4467719 0.297848 
NH NC 0.0437 0.1123884 0.33159 1 0 0.9145097 0.1099519 0.001388821 0.3419501 
NM NC 0.00969 0.02653154 0.33159 1 0 0.9807139 0.1099519 7.739764e-05 0.3635811 
NV NC 0.3473 0.6381183 0.33159 1 0 0.4260173 0.1099519 0.04477187 0.1935804 
OH NC 0.7136 0.9379216 0.33159 0 0 0.08202496 0.4467719 0.4747135 0.3345035 
PA NC 0.05776 0.1466949 0.33159 0 0 0.8878162 0.4467719 0.905081 0.7465564 
SC NC 0.98713 0.9997277 0.33159 0 0 0.0001656369 0.4467719 0.4468926 0.2979434 
TX NC 0.99957 1 0.33159 0 0 1.849e-07 0.4467719 0.4467719 0.297848 
VA NC 0.00946 0.02571472 0.33159 1 0 0.9811695 0.1099519 7.270535e-05 0.3637314 
WI NC 0.02916 0.07529874 0.33159 0 0 0.9425303 0.4467719 0.9506868 0.7799963 
AZ NH 0.89941 0.9997737 0.04292 0 1 0.8089383 0.9160021 0.001841293 0.5755939 
CO NH 0.0433 0.3080579 0.04292 1 1 0.9152749 0.9160021 0.0001748172 0.6104839 
FL NH 0.28094 0.8125849 0.04292 0 1 0.07892728 0.9160021 0.001216345 0.3320486 
GA NH 0.94328 1 0.04292 0 1 0.8897772 0.9160021 0.001842126 0.6025405 
IA NH 0.95667 0.9997737 0.04292 0 1 0.9152175 0.9160021 0.001841293 0.6110203 
ME NH 0.00428 0.05658669 0.04292 1 1 0.9914583 0.9160021 5.898587e-06 0.6358221 
MI NH 0.0767 0.4418289 0.04292 0 1 0.00588289 0.9160021 0.0003596066 0.3074149 
MN NH 0.00518 0.06586691 0.04292 1 1 0.9896668 0.9160021 7.991973e-06 0.6352257 
MO NH 0.99969 1 0.04292 0 1 0.9993801 0.9160021 0.001842126 0.6390748 
MS NH 0.99985 1 0.04292 0 1 0.9997 0.9160021 0.001842126 0.6391814 
NC NH 0.3323 0.8746039 0.04292 0 1 0.1104233 0.9160021 0.001409101 0.3426115 
NM NH 0.00989 0.1009507 0.04292 1 1 0.9803178 0.9160021 1.877317e-05 0.6321129 
NV NH 0.34845 0.8866003 0.04292 1 1 0.4245174 0.9160021 0.001448022 0.4473225 
OH NH 0.71641 0.9913988 0.04292 0 1 0.5132433 0.9160021 0.001810574 0.4770187 
PA NH 0.05585 0.3800362 0.04292 0 1 0.003119222 0.9160021 0.0002660538 0.3064625 
SC NH 0.98818 1 0.04292 0 1 0.9764997 0.9160021 0.001842126 0.631448 
TX NH 0.99973 1 0.04292 0 1 0.9994601 0.9160021 0.001842126 0.6391014 
VA NH 0.00926 0.1050249 0.04292 1 1 0.9815657 0.9160021 2.031908e-05 0.6325294 
WI NH 0.02864 0.2322318 0.04292 0 1 0.0008202496 0.9160021 9.934882e-05 0.3056406 
AZ NM 0.90006 0.999031 0.01028 0 1 0.810108 0.9795457 0.0001054737 0.5965864 
CO NM 0.04433 0.4302326 0.01028 1 1 0.9133051 0.9795457 1.956108e-05 0.6309568 
FL NM 0.28178 0.8837209 0.01028 0 1 0.07939997 0.9795457 8.253089e-05 0.3530094 
GA NM 0.94388 1 0.01028 0 1 0.8909095 0.9795457 0.0001056784 0.6235203 
IA NM 0.95762 1 0.01028 0 1 0.9170361 0.9795457 0.0001056784 0.6322291 
ME NM 0.00441 0.08430233 0.01028 1 1 0.9911994 0.9795457 7.510439e-07 0.6569153 
MI NM 0.08125 0.5658915 0.01028 0 1 0.006601563 0.9795457 3.384173e-05 0.328727 
MN NM 0.00557 0.09108527 0.01028 1 1 0.988891 0.9795457 8.767637e-07 0.6561459 
MO NM 0.99974 1 0.01028 0 1 0.9994801 0.9795457 0.0001056784 0.6597105 
MS NM 0.99987 1 0.01028 0 1 0.99974 0.9795457 0.0001056784 0.6597971 
NC NM 0.33467 0.8934109 0.01028 0 1 0.112004 0.9795457 8.43507e-05 0.363878 
NH NM 0.04424 0.379845 0.01028 1 1 0.9134772 0.9795457 1.524751e-05 0.6310127 
NV NM 0.3515 0.9089147 0.01028 1 1 0.4205522 0.9795457 8.730367e-05 0.4667284 
OH NM 0.71904 0.996124 0.01028 0 1 0.5170185 0.9795457 0.0001048608 0.4988897 
PA NM 0.05797 0.5106589 0.01028 0 1 0.003360521 0.9795457 2.755802e-05 0.3276446 
SC NM 0.9872 1 0.01028 0 1 0.9745638 0.9795457 0.0001056784 0.6514051 
TX NM 0.99964 1 0.01028 0 1 0.9992801 0.9795457 0.0001056784 0.6596438 
VA NM 0.01003 0.1598837 0.01028 1 1 0.9800406 0.9795457 2.701436e-06 0.6531963 
WI NM 0.02961 0.2916667 0.01028 0 1 0.0008767521 0.9795457 8.990003e-06 0.3268105 
AZ NV 0.89959 0.9898914 0.34802 0 1 0.8092622 0.4250779 0.1186816 0.4510072 
CO NV 0.04257 0.1090115 0.34802 1 1 0.9166722 0.4250779 0.001439307 0.4477298 
FL NV 0.28 0.5270519 0.34802 0 1 0.0784 0.4250779 0.03364458 0.1790408 
GA NV 0.9426 0.9956637 0.34802 0 1 0.8884948 0.4250779 0.1200698 0.4778808 
IA NV 0.95753 0.9974154 0.34802 0 1 0.9168637 0.4250779 0.1204927 0.4874781 
ME NV 0.00418 0.01223365 0.34802 1 1 0.9916575 0.4250779 1.812676e-05 0.4722512 
MI NV 0.07853 0.1814657 0.34802 0 1 0.006166961 0.4250779 0.003988391 0.1450778 
MN NV 0.00517 0.01392798 0.34802 1 1 0.9896867 0.4250779 2.349549e-05 0.471596 
MO NV 0.99972 1 0.34802 0 1 0.9994401 0.4250779 0.1211179 0.515212 
MS NV 0.99983 1 0.34802 0 1 0.99966 0.4250779 0.1211179 0.5152853 
NC NV 0.33138 0.6100167 0.34802 0 1 0.1098127 0.4250779 0.04507044 0.1933204 
NH NV 0.04435 0.1132617 0.34802 1 1 0.9132669 0.4250779 0.001553727 0.4466329 
NM NV 0.00991 0.0261329 0.34802 1 1 0.9802782 0.4250779 8.27149e-05 0.4684796 
OH NV 0.71754 0.9278043 0.34802 0 1 0.5148637 0.4250779 0.1042608 0.3480675 
PA NV 0.05741 0.1409454 0.34802 0 1 0.003295908 0.4250779 0.00240608 0.1435933 
SC NV 0.98744 0.9997128 0.34802 0 1 0.9750378 0.4250779 0.1210484 0.5070547 
TX NV 0.99969 1 0.34802 0 1 0.9993801 0.4250779 0.1211179 0.515192 
VA NV 0.00997 0.02521395 0.34802 1 1 0.9801594 0.4250779 7.699987e-05 0.4684381 
WI NV 0.02797 0.07337315 0.34802 0 1 0.0007823209 0.4250779 0.0006520528 0.1421708 
AZ OH 0.90099 0.9631455 0.71749 0 0 0.00980298 0.0798119 0.0954518 0.06168889 
CO OH 0.0441 0.06025156 0.71749 1 0 0.9137448 0.5147919 0.001868824 0.4768018 
FL OH 0.27845 0.3724122 0.71749 0 0 0.5206344 0.0798119 0.5369929 0.3791464 
GA OH 0.94255 0.9824801 0.71749 0 0 0.003300503 0.0798119 0.0870724 0.05672827 
IA OH 0.95781 0.9894322 0.71749 0 0 0.001779996 0.0798119 0.08415352 0.05524847 
ME OH 0.00437 0.00596094 0.71749 1 0 0.9912791 0.5147919 1.8292e-05 0.5020298 
MI OH 0.07977 0.1062778 0.71749 0 0 0.8468233 0.0798119 0.853308 0.5933144 
MN OH 0.00548 0.007189424 0.71749 1 0 0.98907 0.5147919 2.660847e-05 0.5012962 
MO OH 0.9997 1 0.71749 0 0 9e-08 0.0798119 0.0798119 0.05320796 
MS OH 0.99981 0.9999721 0.71749 0 0 3.61e-08 0.0798119 0.07982322 0.05321172 
NC OH 0.33309 0.4338643 0.71749 0 0 0.4447689 0.0798119 0.4743169 0.3329659 
NH OH 0.04434 0.0609356 0.71749 1 0 0.913286 0.5147919 0.001911498 0.4766631 
NM OH 0.01003 0.01415549 0.71749 1 0 0.9800406 0.5147919 0.0001031529 0.4983119 
NV OH 0.35004 0.4530593 0.71749 1 0 0.422448 0.5147919 0.1056676 0.3476358 
PA OH 0.05838 0.08001899 0.71749 0 0 0.8866482 0.0798119 0.8884706 0.6183102 
SC OH 0.98777 0.9979618 0.71749 0 0 0.0001495729 0.0798119 0.0806403 0.05353393 
TX OH 0.99968 0.9999721 0.71749 0 0 1.024e-07 0.0798119 0.07982322 0.05321174 
VA OH 0.0099 0.01338768 0.71749 1 0 0.980298 0.5147919 9.22662e-05 0.4983941 
WI OH 0.02831 0.03952089 0.71749 0 0 0.9441815 0.0798119 0.9440924 0.6560286 
AZ PA 0.89845 0.9993274 0.05765 0 0 0.0103124 0.8880235 0.8880966 0.5954775 
CO PA 0.04333 0.2910711 0.05765 1 0 0.9152175 0.003323522 0.0002815768 0.3062742 
FL PA 0.2786 0.8041029 0.05765 0 0 0.520418 0.8880235 0.9094359 0.7726258 
GA PA 0.93983 0.9993274 0.05765 0 0 0.003620429 0.8880235 0.8880966 0.5932469 
IA PA 0.95714 0.9998318 0.05765 0 0 0.00183698 0.8880235 0.8880418 0.5926341 
ME PA 0.00428 0.04775517 0.05765 1 0 0.9914583 0.003323522 7.57948e-06 0.3315965 
MI PA 0.07804 0.4112998 0.05765 0 0 0.8500102 0.8880235 0.9531394 0.8970577 
MN PA 0.00526 0.04893223 0.05765 1 0 0.9895077 0.003323522 7.957721e-06 0.3309464 
MO PA 0.99973 1 0.05765 0 0 7.29e-08 0.8880235 0.8880235 0.5920157 
MS PA 0.99982 1 0.05765 0 0 3.24e-08 0.8880235 0.8880235 0.5920157 
NC PA 0.3319 0.8500084 0.05765 0 0 0.4463576 0.8880235 0.9043953 0.7462588 
NH PA 0.04463 0.2961157 0.05765 1 0 0.9127318 0.003323522 0.0002914214 0.3054489 
NM PA 0.01021 0.09265176 0.05765 1 0 0.9796842 0.003323522 2.853027e-05 0.3276788 
NV PA 0.34855 0.8526988 0.05765 1 0 0.4243871 0.003323522 0.002416518 0.1433757 
OH PA 0.71687 0.9910879 0.05765 0 0 0.0801626 0.8880235 0.8889921 0.6190594 
SC PA 0.98722 1 0.05765 0 0 0.0001633284 0.8880235 0.8880235 0.5920701 
TX PA 0.99967 1 0.05765 0 0 1.089e-07 0.8880235 0.8880235 0.5920157 
VA PA 0.00989 0.09450143 0.05765 1 0 0.9803178 0.003323522 2.968078e-05 0.3278903 
WI PA 0.02909 0.2185976 0.05765 0 0 0.9426662 0.8880235 0.9749545 0.9352148 
AZ SC 0.90137 0.9062861 0.98792 0 0 0.009727877 0.0001459264 0.0109541 0.006942635 
CO SC 0.04392 0.0453376 0.98792 1 0 0.914089 0.9759859 0.002006137 0.6306937 
FL SC 0.28032 0.282732 0.98792 0 0 0.5179393 0.0001459264 0.5193846 0.3458233 
GA SC 0.9424 0.9473391 0.98792 0 0 0.00331776 0.0001459264 0.00410942 0.002524369 
IA SC 0.95835 0.9616312 0.98792 0 0 0.001734722 0.0001459264 0.002498533 0.001459727 
ME SC 0.00434 0.004335231 0.98792 1 0 0.9913388 0.9759859 1.83429e-05 0.655781 
MI SC 0.07988 0.07945222 0.98792 0 0 0.8466208 0.0001459264 0.8491762 0.5653143 
MN SC 0.00524 0.005368393 0.98792 1 0 0.9895475 0.9759859 2.812757e-05 0.6551872 
MO SC 0.99972 0.9998481 0.98792 0 0 7.84e-08 0.0001459264 0.0001495754 9.852672e-05 
MS SC 0.99981 0.9999088 0.98792 0 0 3.61e-08 0.0001459264 0.0001481104 9.802429e-05 
NC SC 0.33357 0.3360817 0.98792 0 0 0.4441289 0.0001459264 0.4461949 0.2968232 
NH SC 0.04452 0.04420315 0.98792 1 0 0.912942 0.9759859 0.001906997 0.6302783 
NM SC 0.01047 0.01026072 0.98792 1 0 0.9791696 0.9759859 0.0001027541 0.6517528 
NV SC 0.35022 0.3541316 0.98792 1 0 0.422214 0.9759859 0.1223976 0.5068659 
OH SC 0.7171 0.7223426 0.98792 0 0 0.08003241 0.0001459264 0.08201537 0.05406457 
PA SC 0.05895 0.056986 0.98792 0 0 0.8855751 0.0001459264 0.8905742 0.5920984 
TX SC 0.99969 0.9998582 0.98792 0 0 9.61e-08 0.0001459264 0.0001493307 9.845106e-05 
VA SC 0.00963 0.01018982 0.98792 1 0 0.9808327 0.9759859 0.000101339 0.6523067 
WI SC 0.02915 0.02866519 0.98792 0 0 0.9425497 0.0001459264 0.9441641 0.6289533 
AZ TX 0.90044 0.9001971 0.99971 0 0 0.009912194 8.41e-08 0.0100128 0.006641693 
CO TX 0.04446 0.0430442 0.99971 1 0 0.9130567 0.9994201 0.001851729 0.6381095 
FL TX 0.28304 0.2795022 0.99971 0 0 0.5140316 8.41e-08 0.5192338 0.3444219 
GA TX 0.94304 0.9435114 0.99971 0 0 0.003244442 8.41e-08 0.003221954 0.002155493 
IA TX 0.95732 0.9566857 0.99971 0 0 0.001821582 8.41e-08 0.001900239 0.001240635 
ME TX 0.00423 0.004611522 0.99971 1 0 0.9915579 0.9994201 2.12538e-05 0.6636664 
MI TX 0.0793 0.07925615 0.99971 0 0 0.8476885 8.41e-08 0.8478116 0.5651667 
MN TX 0.00541 0.004911621 0.99971 1 0 0.9892093 0.9994201 2.411003e-05 0.6628845 
MO TX 0.99978 0.9998199 0.99971 0 0 4.84e-08 8.41e-08 2.209068e-07 1.178023e-07 
MS TX 0.99983 0.9998199 0.99971 0 0 2.89e-08 8.41e-08 2.209068e-07 1.113023e-07 
NC TX 0.33219 0.3305591 0.99971 0 0 0.4459702 8.41e-08 0.4482795 0.2980833 
NH TX 0.04404 0.04397451 0.99971 1 0 0.9138595 0.9994201 0.001932636 0.6384041 
NM TX 0.0101 0.009943281 0.99971 1 0 0.979902 0.9994201 9.881151e-05 0.659807 
NV TX 0.35226 0.3475347 0.99971 1 0 0.4195671 0.9994201 0.1207103 0.5132325 
OH TX 0.71764 0.7149859 0.99971 0 0 0.07972717 8.41e-08 0.08135125 0.05369283 
PA TX 0.05905 0.05767903 0.99971 0 0 0.8853869 8.41e-08 0.8880003 0.5911291 
SC TX 0.98826 0.9874859 0.99971 0 0 0.0001378276 8.41e-08 0.0001638528 0.0001005882 
VA TX 0.01001 0.009523143 0.99971 1 0 0.9800802 0.9994201 9.063765e-05 0.6598636 
WI TX 0.02774 0.02876949 0.99971 0 0 0.9452895 8.41e-08 0.9433049 0.6295315 
AZ VA 0.89885 1 0.00949 0 1 0.8079313 0.9811101 9.00601e-05 0.5963771 
CO VA 0.04357 0.5109127 0.00949 1 1 0.9147583 0.9811101 2.350855e-05 0.631964 
FL VA 0.28056 0.9236111 0.00949 0 1 0.07871391 0.9811101 7.682644e-05 0.3533003 
GA VA 0.94269 1 0.00949 0 1 0.8886644 0.9811101 9.00601e-05 0.6232882 
IA VA 0.95759 1 0.00949 0 1 0.9169786 0.9811101 9.00601e-05 0.6327262 
ME VA 0.00407 0.1190476 0.00949 1 1 0.9918766 0.9811101 1.276362e-06 0.6576626 
MI VA 0.07936 0.6279762 0.00949 0 1 0.00629801 0.9811101 3.551557e-05 0.3291479 
MN VA 0.0054 0.1458333 0.00949 1 1 0.9892292 0.9811101 1.915341e-06 0.6567804 
MO VA 0.99976 1 0.00949 0 1 0.9995201 0.9811101 9.00601e-05 0.6602401 
MS VA 0.9998 1 0.00949 0 1 0.9996 0.9811101 9.00601e-05 0.6602667 
NC VA 0.33215 0.9494048 0.00949 0 1 0.1103236 0.9811101 8.117742e-05 0.3638383 
NH VA 0.04461 0.4732143 0.00949 1 1 0.9127701 0.9811101 2.016732e-05 0.6313001 
NM VA 0.01015 0.1904762 0.00949 1 1 0.979803 0.9811101 3.267487e-06 0.6536388 
NV VA 0.34874 0.9494048 0.00949 1 1 0.4241396 0.9811101 8.117742e-05 0.4684436 
OH VA 0.7158 1 0.00949 0 1 0.5123696 0.9811101 9.00601e-05 0.4978566 
PA VA 0.05735 0.5674603 0.00949 0 1 0.003289023 0.9811101 2.900036e-05 0.3281427 
SC VA 0.98737 1 0.00949 0 1 0.9748995 0.9811101 9.00601e-05 0.6520332 
TX VA 0.99975 1 0.00949 0 1 0.9995001 0.9811101 9.00601e-05 0.6602334 
WI VA 0.02892 0.3918651 0.00949 0 1 0.0008363664 0.9811101 1.382947e-05 0.3273201 
AZ WI 0.9 0.999649 0.02898 0 0 0.01 0.9428798 0.9428996 0.6319265 
CO WI 0.04395 0.3566164 0.02898 1 0 0.9140316 0.0008398404 0.0001068069 0.3049927 
FL WI 0.27904 0.8466128 0.02898 0 0 0.5197833 0.9428798 0.9515323 0.8047318 
GA WI 0.94314 1 0.02898 0 0 0.00323306 0.9428798 0.9428798 0.6296642 
IA WI 0.95673 1 0.02898 0 0 0.001872293 0.9428798 0.9428798 0.6292107 
ME WI 0.00457 0.06528607 0.02898 1 0 0.9908809 0.0008398404 3.579627e-06 0.3305748 
MI WI 0.07965 0.4949105 0.02898 0 0 0.8470441 0.9428798 0.9715207 0.9204816 
MN WI 0.00519 0.06353106 0.02898 1 0 0.9896469 0.0008398404 3.38976e-06 0.3301634 
MO WI 0.99971 1 0.02898 0 0 8.41e-08 0.9428798 0.9428798 0.6285866 
MS WI 0.99985 1 0.02898 0 0 2.25e-08 0.9428798 0.9428798 0.6285866 
NC WI 0.333 0.8810109 0.02898 0 0 0.444889 0.9428798 0.9495885 0.7791191 
NH WI 0.04377 0.3316953 0.02898 1 0 0.9143758 0.0008398404 9.240075e-05 0.3051027 
NM WI 0.0098 0.1063531 0.02898 1 0 0.980496 0.0008398404 9.499421e-06 0.3271151 
NV WI 0.34944 0.8824149 0.02898 1 0 0.4232283 0.0008398404 0.0006539468 0.141574 
OH WI 0.71725 0.994735 0.02898 0 0 0.07994756 0.9428798 0.9431762 0.6553345 
PA WI 0.05786 0.4359424 0.02898 0 0 0.8876278 0.9428798 0.9748924 0.9351333 
SC WI 0.98786 1 0.02898 0 0 0.0001473796 0.9428798 0.9428798 0.6286357 
TX WI 0.99966 1 0.02898 0 0 1.156e-07 0.9428798 0.9428798 0.6285866 
VA WI 0.00971 0.1375921 0.02898 1 0 0.9806743 0.0008398404 1.589952e-05 0.3271767 
AZ ME2 0.89997 0.9883586 0.23849 0 0 0.010006 0.5798975 0.5841337 0.3913457 
CO ME2 0.04464 0.1225262 0.23849 1 0 0.9127127 0.05687748 0.0008538827 0.3234814 
FL ME2 0.2818 0.5422834 0.23849 0 0 0.5158112 0.5798975 0.7580677 0.6179255 
GA ME2 0.94323 0.9942624 0.23849 0 0 0.003222833 0.5798975 0.5819834 0.3883679 
IA ME2 0.95673 0.9961334 0.23849 0 0 0.001872293 0.5798975 0.5813028 0.3876909 
ME ME2 0.00446 0.0190005 0.23849 1 0 0.9910999 0.05687748 2.053385e-05 0.3493326 
MI ME2 0.0785 0.1994429 0.23849 0 0 0.8491623 0.5798975 0.9071322 0.7787306 
MN ME2 0.0056 0.01796108 0.23849 1 0 0.9888314 0.05687748 1.834871e-05 0.3485757 
MO ME2 0.99967 1 0.23849 0 0 1.089e-07 0.5798975 0.5798975 0.3865984 
MS ME2 0.99977 1 0.23849 0 0 5.29e-08 0.5798975 0.5798975 0.3865983 
NC ME2 0.33095 0.6180359 0.23849 0 0 0.4476279 0.5798975 0.7269346 0.58482 
NH ME2 0.04442 0.1290537 0.23849 1 0 0.9131331 0.05687748 0.0009472866 0.3236526 
NM ME2 0.00984 0.03076667 0.23849 1 0 0.9804168 0.05687748 5.383955e-05 0.3457827 
NV ME2 0.34935 0.6192001 0.23849 1 0 0.4233454 0.05687748 0.02180732 0.1673434 
OH ME2 0.71402 0.9270747 0.23849 0 0 0.08178456 0.5798975 0.6066883 0.4227901 
PA ME2 0.05847 0.1594046 0.23849 0 0 0.8864787 0.5798975 0.9254124 0.7972629 
SC ME2 0.9874 0.9993764 0.23849 0 0 0.00015876 0.5798975 0.580124 0.3867268 
TX ME2 0.99976 1 0.23849 0 0 5.76e-08 0.5798975 0.5798975 0.3865983 
VA ME2 0.0099 0.03346915 0.23849 1 0 0.980298 0.05687748 6.371324e-05 0.3457464 
WI ME2 0.02865 0.08801763 0.23849 0 0 0.9435208 0.5798975 0.958458 0.8272921 
AZ NE2 0.90138 0.920307 0.92195 0 0 0.009725904 0.006091802 0.02295921 0.01292564 
CO NE2 0.04331 0.04762937 0.92195 1 0 0.9152558 0.8499918 0.001928255 0.5890586 
FL NE2 0.28156 0.2980142 0.92195 0 0 0.516156 0.006091802 0.5259815 0.3494098 
GA NE2 0.94283 0.9561428 0.92195 0 0 0.003268409 0.006091802 0.01403849 0.007799566 
IA NE2 0.95748 0.9698658 0.92195 0 0 0.00180795 0.006091802 0.01120046 0.006366737 
ME NE2 0.00429 0.005040432 0.92195 1 0 0.9914384 0.8499918 2.159485e-05 0.6138173 
MI NE2 0.07788 0.08530795 0.92195 0 0 0.8503053 0.006091802 0.8488864 0.5684278 
MN NE2 0.00518 0.005820886 0.92195 1 0 0.9896668 0.8499918 2.880003e-05 0.6132291 
MO NE2 0.99977 0.9999241 0.92195 0 0 5.29e-08 0.006091802 0.006102727 0.004064861 
MS NE2 0.99974 0.999935 0.92195 0 0 6.76e-08 0.006091802 0.006101166 0.004064345 
NC NE2 0.33383 0.3555293 0.92195 0 0 0.4437825 0.006091802 0.4518794 0.3005846 
NH NE2 0.04457 0.04769441 0.92195 1 0 0.9128465 0.8499918 0.001933524 0.5882573 
NM NE2 0.00973 0.01035185 0.92195 1 0 0.9806347 0.8499918 9.108588e-05 0.6102392 
NV NE2 0.34842 0.3710083 0.92195 1 0 0.4245565 0.8499918 0.116999 0.4638491 
OH NE2 0.71933 0.7474906 0.92195 0 0 0.07877565 0.006091802 0.09662836 0.0604986 
PA NE2 0.05717 0.06078869 0.92195 0 0 0.8889284 0.006091802 0.8910527 0.5953576 
SC NE2 0.9875 0.9916968 0.92195 0 0 0.00015625 0.006091802 0.007345364 0.004531139 
TX NE2 0.99967 0.9998266 0.92195 0 0 1.089e-07 0.006091802 0.006116788 0.004069566 
VA NE2 0.0094 0.01081796 0.92195 1 0 0.9812884 0.8499918 9.947304e-05 0.6104599 
WI NE2 0.02845 0.03125068 0.92195 0 0 0.9439094 0.006091802 0.943207 0.6310694 
The average brier score with the third way of testing it is(TT) 0.4397949